total_cases,new_cases,new_cases_smoothed,total_deaths,new_deaths,new_deaths_smoothed,total_cases_per_million,new_cases_per_million,new_cases_smoothed_per_million,total_deaths_per_million,new_deaths_per_million,new_deaths_smoothed_per_million,reproduction_rate,icu_patients,icu_patients_per_million,hosp_patients,hosp_patients_per_million,weekly_icu_admissions,weekly_icu_admissions_per_million,weekly_hosp_admissions,weekly_hosp_admissions_per_million,total_tests,new_tests,total_tests_per_thousand,new_tests_per_thousand,new_tests_smoothed,new_tests_smoothed_per_thousand,positive_rate,tests_per_case,total_vaccinations,people_vaccinated,people_fully_vaccinated,total_boosters,new_vaccinations,new_vaccinations_smoothed,total_vaccinations_per_hundred,people_vaccinated_per_hundred,people_fully_vaccinated_per_hundred,total_boosters_per_hundred,new_vaccinations_smoothed_per_million,new_people_vaccinated_smoothed,new_people_vaccinated_smoothed_per_hundred,stringency_index,population_density,median_age,aged_65_older,aged_70_older,gdp_per_capita,extreme_poverty,cardiovasc_death_rate,diabetes_prevalence,female_smokers,male_smokers,handwashing_facilities,hospital_beds_per_thousand,life_expectancy,human_development_index,population,excess_mortality_cumulative_absolute,excess_mortality_cumulative,excess_mortality,excess_mortality_cumulative_per_million
158059.0,3243.0,2095.571,7356.0,159.0,97.571,3843.027,78.85,50.951,178.853,3.866,2.372,1.39,,,,,,,,,,,,,,,,,4674518.0,4142857.0,3753224.0,,4015.0,70761.0,11.37,10.07,9.13,,1720.0,60035.0,0.146,56.02,54.422,18.6,2.581,1.337,1803.987,,597.029,9.59,,,37.746,0.5,64.83,0.511,41128772.0,,,,
9850360.0,64433.0,44803.571,228878.0,1525.0,1020.714,6904.119,45.161,31.403,160.421,1.069,0.715,,,,,,,,,,,,,,,,,,303508220.0,193644216.0,124750456.0,892142.0,2657351.0,2451504.0,21.27,13.57,8.74,0.06,1718.0,1667153.0,0.117,,,,,,,,,,,,,,,,1426736614.0,,,,
208899.0,1239.0,1111.857,3212.0,21.0,20.429,73495.999,435.912,391.18,1130.064,7.388,7.187,1.86,,,,,,,,,1423366.0,7733.0,498.603,2.709,5977.0,2.094,0.4156,1067.6,2316606.0,1141486.0,1031132.0,143988.0,23655.0,17565.0,81.5,40.16,36.28,5.07,6180.0,6436.0,0.226,63.89,104.871,38.0,13.188,8.643,11803.431,1.1,304.195,10.08,7.1,51.2,,2.89,78.57,0.795,2842318.0,14654.999,34.73,92.8,5133.621
218037.0,1927.0,1518.0,6271.0,49.0,38.286,4855.709,42.915,33.806,139.656,1.091,0.853,1.38,52.0,1.158,,,,,,,,,,,,,,,12545356.0,7060737.0,5609040.0,25381.0,147230.0,256927.0,27.94,15.72,12.49,0.06,5722.0,105248.0,0.234,85.19,17.348,29.1,6.211,3.857,13913.839,0.5,278.364,6.73,0.7,30.4,83.741,1.9,76.88,0.748,44903228.0,,,,
11.0,5.0,0.714,,0.0,0.0,248.335,112.88,16.126,,0.0,0.0,,,,,,,,,,,,,,,,,,,,,,,,,,,,,,,,278.205,,,,,,283.75,,,,,,73.74,,44295.0,,,,
23122.0,621.0,232.857,140.0,3.0,1.0,289593.327,7777.764,2916.438,1753.441,37.574,12.525,1.63,,,,,,,,,266810.0,,3375.889,,1701.0,21.522,0.2835,156.5,117246.0,57085.0,51392.0,8769.0,2829.0,1762.0,146.85,71.5,64.37,10.98,22068.0,854.0,1.07,55.56,163.755,,,,,,109.135,7.97,29.0,37.8,,,83.73,0.868,79843.0,140.20001,29.22,72.69,1773.4042
76787.0,3090.0,1549.857,1757.0,26.0,16.0,2157.605,86.825,43.549,49.369,0.731,0.45,2.94,,,,,,,,,,,,,,,,,11615144.0,7685417.0,3929727.0,,,183173.0,32.64,21.59,11.04,,5147.0,147117.0,0.413,71.59,23.89,16.8,2.405,1.362,5819.495,,276.045,3.94,,,26.664,,61.15,0.581,35588996.0,,,,
1674.0,93.0,28.143,5.0,1.0,0.286,105435.536,5857.53,1772.555,314.921,62.984,17.995,,,,,,,,,,51382.0,,3261.728,,169.0,10.728,0.1615,1181.8,20284.0,10079.0,9223.0,982.0,1421.0,331.0,127.76,63.48,58.09,6.19,20848.0,331.0,2.085,,,,,,,,,,,,,,81.88,,15877.0,,,,
4295.0,237.0,86.571,119.0,12.0,3.143,45802.585,2527.407,923.212,1269.036,127.97,33.516,1.48,,,,,,,,,16700.0,,179.146,,231.0,2.478,0.6099,181.8,121146.0,62283.0,58863.0,,2221.0,1278.0,129.19,66.42,62.77,,13629.0,895.0,0.954,,231.845,32.1,6.933,4.631,21490.943,,191.511,13.17,,,,3.8,77.02,0.778,93772.0,-25.600002,-2.29,91.88,-274.59268
5780522.0,56627.0,34102.286,118176.0,926.0,674.429,127015.62,1244.267,749.331,2596.686,20.347,14.819,2.24,7969.0,175.103,,,,,,,28634195.0,198144.0,632.426,4.376,124808.0,2.757,0.319,55.6,78297805.0,38821593.0,30777189.0,6181673.0,525061.0,391348.0,172.04,85.3,67.63,13.58,8599.0,320955.0,0.705,84.26,16.177,31.9,11.198,7.441,18933.907,0.6,191.032,5.5,16.2,27.7,,5.0,76.67,0.845,45510324.0,131388.0,22.1,75.38,2901.8843
344930.0,2603.0,1977.143,7972.0,70.0,50.714,124054.477,936.172,711.082,2867.139,25.176,18.239,1.47,,,,,,,,,2573937.0,19360.0,922.236,6.937,15623.0,5.598,0.214,71.4,1626738.0,934028.0,692082.0,628.0,,17910.0,58.51,33.59,24.89,0.02,6441.0,14234.0,0.512,,102.931,35.7,11.232,7.571,8787.58,1.8,341.01,7.11,1.5,52.1,94.043,4.2,75.09,0.776,2780472.0,19881.4,40.01,115.09,7123.4707
19021.0,671.0,282.857,181.0,7.0,2.571,178669.723,6302.896,2656.958,1700.185,65.753,24.154,,,,,,,,,,793.0,428.0,7.443,4.017,,,,,163759.0,84751.0,79008.0,,5076.0,2679.0,153.82,79.61,74.21,,25165.0,1796.0,1.687,67.59,584.8,41.2,13.085,7.452,35973.781,,,11.62,,,,,76.29,,106459.0,352.2,26.65,120.18,3305.7078
84845091.0,523636.0,498399.857,1259185.0,7422.0,5729.857,17970.388,110.907,105.562,266.698,1.572,1.214,,,,,,,,,,,,,,,,,,6219611612.0,3114466115.0,2649550680.0,207409465.0,37780637.0,33844847.0,131.73,65.97,56.12,4.39,7168.0,16180349.0,0.343,,,,,,,,,,,,,,,,4721383370.0,,,,
366607.0,99764.0,14252.0,2443.0,26.0,17.0,14004.709,3811.072,544.439,93.325,0.993,0.649,2.21,312.0,11.919,1605.0,61.312,,,,,54958964.0,389580.0,2120.241,15.029,294758.0,11.371,0.0745,15559.8,42580539.0,20444346.0,19755837.0,2380356.0,349856.0,295848.0,162.66,78.1,75.47,9.09,11302.0,155677.0,0.595,78.24,3.202,37.9,15.504,10.129,44648.71,0.5,107.791,5.07,13.0,16.5,,3.84,83.44,0.944,26177410.0,682.90027,0.21,9.86,26.345348
1264529.0,16443.0,13999.429,16698.0,80.0,80.571,141452.257,1839.341,1565.999,1867.865,8.949,9.013,1.5,664.0,74.276,3415.0,382.007,,,,,123579209.0,2945871.0,13850.938,330.178,636331.0,71.321,0.0306,4144.1,16677329.0,6707207.0,6314990.0,3992811.0,,113668.0,186.56,75.03,70.64,44.66,12715.0,52117.0,0.583,82.41,106.749,44.4,19.202,13.748,45436.686,0.7,145.183,6.35,28.4,30.9,,7.37,81.54,0.922,8939617.0,14493.599,8.85,40.03,1624.463
616352.0,5048.0,3850.429,8346.0,72.0,41.571,59504.476,487.349,371.732,805.748,6.951,4.013,1.71,,,,,,,,,5863885.0,42422.0,568.592,4.113,20304.0,1.969,0.2695,206.1,11346166.0,5169382.0,4676520.0,1500264.0,116709.0,85991.0,109.54,49.91,45.15,14.48,8302.0,51223.0,0.495,89.81,119.309,32.4,6.018,3.871,15847.419,,559.812,7.11,0.3,42.5,83.241,4.7,73.0,0.756,10358078.0,36796.594,32.42,79.24,3567.9844
24476.0,330.0,156.571,717.0,27.0,10.0,59699.163,804.9,381.892,1748.827,65.855,24.391,1.52,,,,,,,,,185443.0,1303.0,454.622,3.194,726.0,1.78,0.2593,67.9,300214.0,157041.0,147365.0,6954.0,6771.0,3473.0,73.22,38.3,35.94,1.7,8471.0,2992.0,0.73,74.54,39.497,34.3,8.996,5.2,27717.847,,235.954,13.17,3.1,20.4,,2.9,73.92,0.814,409989.0,1073.0001,20.15,114.29,2630.418
281406.0,3274.0,2975.571,1394.0,29.0,23.714,191141.779,2223.827,2021.123,946.858,19.698,16.108,2.06,,,,,,,,,8005638.0,36406.0,5471.079,24.88,21250.0,14.522,0.151,915.9,3226201.0,1203146.0,1177993.0,845062.0,81811.0,22003.0,219.14,81.72,80.01,57.4,14945.0,12516.0,0.85,66.67,1935.907,32.4,2.372,1.387,43290.705,,151.689,16.52,5.8,37.6,,2.0,77.29,0.852,1472237.0,,,,
1585539.0,16230.0,14477.286,28072.0,264.0,252.0,9262.063,94.809,84.57,163.985,1.542,1.472,1.69,,,,,,,,,11492843.0,55284.0,67.862,0.326,48637.0,0.287,0.3108,95.2,106575146.0,65835395.0,40739751.0,,6758992.0,1504836.0,62.26,38.46,23.8,,8791.0,1378360.0,0.805,93.52,1265.036,27.5,5.098,3.262,3523.984,14.8,298.003,8.38,1.0,44.7,34.808,0.8,72.59,0.632,171186368.0,,,,
28310.0,683.0,416.286,260.0,10.0,4.0,100516.251,2425.03,1478.046,923.145,35.506,14.202,1.52,,,,,,,,,,,,,,,,,299629.0,155952.0,143677.0,,16939.0,4526.0,106.38,55.37,51.01,,16070.0,3153.0,1.119,74.07,664.463,39.8,14.952,9.473,16978.068,,170.05,13.57,1.9,14.5,88.469,5.8,79.19,0.814,281646.0,-97.2,-1.7,40.24,-345.65652
697600.0,2170.0,2052.857,5561.0,20.0,16.571,73162.372,227.584,215.298,583.222,2.098,1.738,1.17,,,,,,,,,11022249.0,40232.0,1150.768,4.2,37839.0,3.951,0.1221,24.1,7708200.0,4356041.0,3228165.0,114146.0,,77113.0,80.84,45.68,33.86,1.2,8087.0,41685.0,0.437,43.52,46.858,40.3,14.799,9.788,17167.967,,443.129,5.18,10.5,46.1,,11.0,74.79,0.823,9534956.0,31222.4,21.84,39.9,3259.745
2096712.0,25633.0,17992.143,28356.0,88.0,70.857,179883.824,2199.139,1543.605,2432.755,7.55,6.079,1.52,947.0,81.246,3750.0,321.725,,,2257.0,193.635,27361349.0,141945.0,2356.417,12.225,120076.0,10.341,0.175,100.0,21732553.0,8942495.0,8832279.0,4386406.0,197731.0,155091.0,186.45,76.72,75.78,37.63,13306.0,100644.0,0.863,75.93,375.564,41.8,18.571,12.849,42658.576,0.2,114.898,4.29,25.1,31.4,,5.64,81.63,0.931,11655923.0,20213.0,15.55,30.07,1740.7869
32067.0,491.0,257.571,597.0,11.0,5.0,79122.099,1211.493,635.532,1473.037,27.141,12.337,1.65,,,,,,,,,363915.0,1351.0,909.717,3.377,1883.0,4.707,0.2316,215.9,424634.0,230125.0,199119.0,,10917.0,4569.0,104.77,56.78,49.13,,11274.0,2076.0,0.512,75.93,16.426,25.0,3.853,2.279,7824.362,,176.957,17.11,,,90.083,1.3,74.62,0.716,405285.0,544.4,13.89,82.98,1360.8741
25044.0,3440.0,944.857,161.0,9.0,2.0,1875.553,257.623,70.761,12.057,0.674,0.15,0.86,,,,,,,,,,,,,,,,,1773592.0,1699784.0,1319264.0,,,60281.0,13.28,12.73,9.88,,4514.0,59279.0,0.444,50.0,99.11,18.8,3.244,1.942,2064.236,49.6,235.848,0.99,0.6,12.3,11.035,0.5,61.77,0.545,13352864.0,,,,
6331.0,267.0,136.857,106.0,10.0,3.857,98602.956,4158.425,2131.499,1650.91,155.746,60.074,,,,,,,,,,,,,,,,,,112695.0,46194.0,45213.0,20267.0,,1224.0,175.52,71.95,70.42,31.57,19063.0,479.0,0.746,79.63,1308.82,,,,50669.315,,139.547,13.0,,,,,82.59,,64207.0,176.20001,15.79,136.71,2743.993
2660.0,100.0,31.143,3.0,1.0,0.143,3399.548,127.803,39.801,3.834,1.278,0.183,1.4,,,,,,,,,1288876.0,299684.0,1657.748,385.453,9669.0,12.436,0.0082,18720.3,1154843.0,589762.0,565081.0,,97322.0,91636.0,147.59,75.37,72.22,,117113.0,91636.0,11.711,81.94,21.188,28.6,4.885,2.977,8708.597,1.5,217.066,9.75,,,79.807,1.7,71.78,0.654,782457.0,-119.399994,-1.99,24.41,-153.56912
591773.0,6149.0,2985.286,19650.0,124.0,86.143,48410.298,503.022,244.213,1607.478,10.144,7.047,1.48,235.0,19.224,2433.0,199.033,,,,,3076104.0,20102.0,254.656,1.664,13346.0,1.105,0.4346,18.3,9792844.0,5635100.0,4593214.0,548041.0,108731.0,80071.0,80.11,46.1,37.58,4.48,6550.0,50807.0,0.416,56.48,10.202,25.4,6.704,4.393,6885.829,7.1,204.299,6.89,,,25.383,1.1,71.51,0.718,12224114.0,53088.004,56.24,127.27,4394.8936
3239.0,172.0,44.857,22.0,3.0,0.571,119732.367,6358.125,1658.182,813.249,110.898,21.123,,,,,,,,,,,,,,,,,,35845.0,19109.0,16736.0,,,196.0,132.5,70.64,61.87,,7245.0,92.0,0.34,,,,,,,,,,,,,,77.79,,27052.0,,,,
290471.0,2154.0,1635.143,13428.0,99.0,79.286,89830.928,666.145,505.684,4152.737,30.617,24.52,1.74,,,,,,,,,1483234.0,16699.0,453.458,5.105,5256.0,1.607,0.7422,612.7,1553874.0,882641.0,720631.0,22572.0,66884.0,17247.0,48.06,27.3,22.29,0.7,5334.0,11388.0,0.352,45.37,68.496,42.5,16.569,10.711,11713.895,0.2,329.635,10.08,30.2,47.7,97.164,3.5,77.4,0.78,3233530.0,19123.201,26.49,102.26,5846.379
222053.0,8530.0,2269.143,2452.0,141.0,38.429,84421.169,3242.976,862.694,932.213,53.606,14.61,1.43,,,,,,,,,2026898.0,,783.063,,12461.0,4.814,0.8899,125.6,1128095.0,1169197.0,1033971.0,,10435.0,15933.0,42.89,44.45,39.31,,6057.0,13320.0,0.506,73.15,4.044,25.8,3.941,2.242,15807.374,,237.372,4.81,5.7,34.4,,1.8,69.59,0.735,2630300.0,,,,
22263834.0,150106.0,77327.571,618817.0,4249.0,3123.571,103401.94,697.151,359.139,2874.028,19.734,14.507,1.48,,,,,,,,,66100617.0,2920329.0,308.411,13.626,537557.0,2.508,,,331273910.0,166195505.0,143436012.0,26571077.0,3002675.0,1941268.0,153.86,77.19,66.62,12.34,9016.0,1260346.0,0.585,76.39,25.04,33.5,8.552,5.06,14103.452,3.4,177.961,8.11,10.1,17.9,,2.2,75.88,0.765,215313504.0,666455.6,27.07,83.18,3109.5383
3256.0,784.0,162.571,39.0,6.0,2.714,103919.316,25022.341,5188.671,1244.734,191.498,86.63,,,,,,,,,,,,,,,,,,35799.0,18432.0,17005.0,,,343.0,114.26,58.83,54.27,,10947.0,232.0,0.74,,207.973,,,,,,,13.67,,,,,79.07,,31332.0,,,,
15474.0,504.0,268.571,61.0,7.0,1.0,34463.098,1122.489,598.152,135.857,15.59,2.227,1.57,,,,,,,,,93192.0,297.0,209.245,0.667,,,,,898401.0,405888.0,400691.0,,8701.0,7901.0,200.09,90.4,89.24,,17597.0,4619.0,1.029,76.85,81.347,32.4,4.591,2.382,71809.251,,201.285,12.79,2.0,30.9,,2.7,75.86,0.838,449002.0,39.800003,1.11,128.97,89.361496
744298.0,6816.0,4782.857,30890.0,334.0,172.143,109746.821,1005.02,705.233,4554.734,49.248,25.382,1.69,799.0,117.813,10355.0,1526.846,,,,,7419396.0,47295.0,1077.482,6.868,42232.0,6.133,0.236,231.1,3700660.0,1904143.0,1914910.0,275053.0,38117.0,27038.0,54.57,28.08,28.24,4.06,3987.0,12994.0,0.192,62.96,65.18,44.7,20.801,13.272,18563.307,1.5,424.688,5.81,30.1,44.4,,7.454,75.05,0.816,6781955.0,56731.0,26.42,102.21,8238.763
17632.0,592.0,164.714,318.0,31.0,4.429,777.639,26.109,7.265,14.025,1.367,0.195,1.23,,,,,,,,,,,,,,,,,1053330.0,972376.0,649320.0,,,39484.0,4.65,4.29,2.86,,1741.0,75658.0,0.334,30.56,70.151,17.6,2.409,1.358,1703.102,43.7,269.048,2.42,1.6,23.9,11.877,0.4,61.58,0.452,22673764.0,,,,
30550.0,1576.0,791.429,14.0,2.0,0.429,2370.131,122.269,61.401,1.086,0.155,0.033,1.21,,,,,,,,,,,,,,,,,7543.0,4010.0,3533.0,,109.0,410.0,0.06,0.03,0.03,,32.0,265.0,0.002,27.31,423.062,17.5,2.562,1.504,702.225,71.7,293.068,6.05,,,6.144,0.8,61.58,0.433,12889583.0,,,,
120493.0,1130.0,981.0,3012.0,43.0,29.143,7185.954,67.391,58.505,179.629,2.564,1.738,1.96,,,,,,,,,2289480.0,14879.0,138.012,0.897,27702.0,1.67,0.2509,728.7,30456720.0,14262170.0,13659518.0,3588183.0,341978.0,289014.0,181.64,85.06,81.46,21.4,17236.0,191715.0,1.143,83.8,90.672,25.6,4.412,2.385,3645.07,,270.892,4.0,2.0,33.7,66.229,0.8,69.82,0.594,16767851.0,,,,
109666.0,8681.0,1240.143,1853.0,133.0,19.0,3928.633,310.985,44.426,66.381,4.765,0.681,0.65,,,,,,,,,,,,,,,,,1020007.0,834112.0,659641.0,,9890.0,47269.0,3.65,2.99,2.36,,1693.0,37638.0,0.135,41.67,50.885,18.8,3.165,1.919,3364.926,23.8,244.661,7.2,,,2.735,1.3,59.29,0.563,27914542.0,,,,
2102470.0,49148.0,25344.143,29958.0,209.0,161.429,54674.47,1278.088,659.071,779.054,5.435,4.198,1.67,1387.0,36.069,4930.0,128.204,,,,,52662229.0,181214.0,1380.218,4.749,157006.0,4.115,0.2292,182.0,68836546.0,31746146.0,29437317.0,7653083.0,879740.0,545858.0,179.01,82.56,76.55,19.9,14195.0,343277.0,0.893,75.46,4.037,41.4,16.984,10.797,44017.591,0.5,105.599,7.37,12.0,16.6,,2.5,82.43,0.929,38454328.0,24567.2,4.42,15.01,643.87866
40738.0,791.0,299.714,352.0,5.0,3.0,68679.383,1333.531,505.282,593.43,8.429,5.058,2.95,,,,,,,,,,2532.0,,4.307,,,,,571130.0,302802.0,255954.0,,4461.0,6701.0,96.29,51.05,43.15,,11297.0,3410.0,0.575,73.3,135.58,25.7,4.46,3.437,6222.554,,182.219,2.42,2.1,16.5,,2.1,72.98,0.665,593162.0,569.80005,10.91,48.25,969.1532
8818.0,776.0,300.714,11.0,2.0,0.571,128314.077,11291.872,4375.808,160.065,29.103,8.315,,,,,,,,,,,,,,,,,,130608.0,58591.0,56891.0,,1579.0,1024.0,190.05,85.26,82.78,,14901.0,670.0,0.975,,256.496,,,,49903.029,,,13.22,,,,,83.92,,68722.0,,,,
12454.0,284.0,199.143,101.0,4.0,1.429,2232.24,50.904,35.694,18.103,0.717,0.256,1.18,,,,,,,,,,,,,,,,,436772.0,375096.0,334906.0,,12887.0,18602.0,7.83,6.72,6.0,,3334.0,12026.0,0.216,24.07,7.479,18.3,3.655,2.251,661.24,,435.727,6.1,,,16.603,1.0,53.28,0.397,5579148.0,,,,
5701.0,596.0,85.143,181.0,6.0,2.0,321.667,33.628,4.804,10.213,0.339,0.113,1.28,,,,,,,,,,,,,,,,,285922.0,205259.0,80663.0,,,4722.0,1.61,1.16,0.46,,266.0,4177.0,0.024,77.31,11.833,16.7,2.486,1.446,1768.153,38.4,280.995,6.1,,,5.818,,54.24,0.398,17723312.0,,,,
1804682.0,9151.0,7320.714,39096.0,316.0,132.286,92058.065,466.799,373.435,1994.314,16.119,6.748,1.35,3406.0,173.742,,,1701.0,86.769,4486.0,228.834,27121207.0,86435.0,1391.317,4.434,73073.0,3.749,0.1224,119.9,44314172.0,17307888.0,16547811.0,11032389.0,430495.0,298755.0,226.05,88.29,84.41,56.28,15240.0,185093.0,0.944,84.72,24.282,35.4,11.087,6.938,22767.037,1.3,127.993,8.46,34.2,41.5,,2.11,80.18,0.851,19603736.0,37974.297,18.95,44.18,1948.0808
132071.0,742.0,612.714,5699.0,37.0,28.286,92.624,0.52,0.43,3.997,0.026,0.02,1.58,,,,,,,,,,,,,14769984.0,10.358,0.0,1023631.9,2835332000.0,1259967000.0,1207413000.0,120580000.0,24741000.0,22424286.0,198.85,88.36,84.68,8.46,15727.0,5850649.0,0.41,79.17,147.674,38.7,10.641,5.929,15308.712,0.7,261.899,9.74,1.9,48.4,,4.34,76.91,0.761,1425887360.0,,,,
5138603.0,33594.0,31255.571,129866.0,720.0,677.714,99059.263,647.607,602.528,2503.488,13.88,13.065,2.01,,,,,,,,,29564153.0,127781.0,573.877,2.48,111610.0,2.166,0.341,27.0,64690489.0,38353097.0,28323837.0,3324832.0,1036209.0,414465.0,124.71,73.94,54.6,6.41,7990.0,303302.0,0.585,81.02,44.223,32.2,7.646,4.312,13254.949,4.5,124.24,7.44,4.7,13.5,65.386,1.71,77.29,0.767,51874028.0,163914.56,38.4,113.48,3181.784
6515.0,241.0,168.429,157.0,8.0,4.143,7785.77,288.008,201.281,187.623,9.56,4.951,1.11,,,,,,,,,,,,,,,,,581547.0,335408.0,246139.0,,,5633.0,69.5,40.08,29.41,,6732.0,5170.0,0.618,,437.352,20.4,2.963,1.726,1413.89,18.1,261.516,11.88,4.4,23.6,15.574,2.2,64.32,0.554,836783.0,,,,
21277.0,792.0,169.714,369.0,20.0,5.571,3563.73,132.654,28.426,61.805,3.35,0.933,0.87,,,,,,,,,,,,,,,,,758891.0,622886.0,135954.0,,1486.0,7088.0,12.71,10.43,2.28,,1187.0,6763.0,0.113,57.41,15.405,19.0,3.402,2.063,4881.406,37.0,344.094,7.2,1.7,52.3,47.964,,64.57,0.574,5970430.0,,,,
,0.0,0.0,,0.0,0.0,,0.0,0.0,,0.0,0.0,,,,,,,,,,,,,,,,,,25339.0,12841.0,12498.0,,,812.0,148.77,75.39,73.38,,47675.0,561.0,3.294,,,,,,,,,,,,,,76.25,,17032.0,,,,
570960.0,3173.0,2574.429,7354.0,48.0,35.571,110206.152,612.449,496.914,1419.462,9.265,6.866,1.35,,,,,,,,,2266262.0,11331.0,439.713,2.199,8444.0,1.638,0.329,55.6,7756348.0,3944932.0,3505176.0,306240.0,,87355.0,149.71,76.14,67.66,5.91,16861.0,84391.0,1.629,66.67,96.079,33.6,9.468,5.694,15524.995,1.3,137.973,8.78,6.4,17.4,83.841,1.13,80.28,0.81,5180836.0,5981.4004,12.48,48.88,1160.5448
68146.0,1578.0,794.714,712.0,14.0,8.286,2419.91,56.036,28.221,25.284,0.497,0.294,2.25,,,,,,,,,1233370.0,7660.0,44.885,0.279,4392.0,0.16,0.2794,221.2,7113233.0,4950775.0,2162458.0,,156394.0,121105.0,25.26,17.58,7.68,,4301.0,86551.0,0.307,25.93,76.399,18.7,2.933,1.582,3601.006,28.2,303.74,2.42,,,19.351,,57.78,0.538,28160548.0,,,,
709678.0,7315.0,5527.857,12493.0,76.0,67.714,176082.986,1814.974,1371.554,3099.722,18.857,16.801,1.47,,,2729.0,677.111,,,1871.0,464.28,3757416.0,14252.0,925.441,3.51,12937.0,3.186,0.4708,56.9,4729751.0,2259393.0,1953540.0,,53059.0,35538.0,117.35,56.06,48.47,,8818.0,26979.0,0.669,62.04,73.726,44.0,19.724,13.053,22669.797,0.7,253.782,5.59,34.3,39.9,,5.54,78.49,0.851,4030361.0,16540.4,16.13,84.89,4073.8508
965571.0,9907.0,9416.714,8322.0,98.0,87.857,86117.905,883.591,839.863,742.227,8.74,7.836,2.24,,,,,,,,,5296762.0,38826.0,470.557,3.449,35601.0,3.163,0.0879,82.5,30874045.0,10448955.0,9672464.0,2174094.0,437983.0,321878.0,275.36,93.19,86.27,19.39,28708.0,199370.0,1.778,81.48,110.408,43.1,14.738,9.719,,,190.968,8.27,17.1,53.3,85.198,5.2,78.8,0.783,11212198.0,53645.6,25.52,194.86,4765.7983
20199.0,1232.0,360.143,187.0,14.0,4.0,105658.226,6444.425,1883.858,978.172,73.232,20.923,,,,,,,,,,1342.0,1342.0,7.051,7.051,13.0,0.068,1.0,1.7,217092.0,104386.0,96611.0,16095.0,4693.0,3452.0,113.56,54.6,50.54,8.42,18057.0,3039.0,1.59,,362.644,41.7,16.367,10.068,,,,11.62,,,,,78.88,,191173.0,,,,
161779.0,3851.0,1873.714,646.0,7.0,4.143,180555.509,4297.957,2091.183,720.977,7.812,4.624,1.73,57.0,63.616,301.0,335.935,28.0,30.949,245.0,273.017,19402172.0,169476.0,21654.041,189.146,98890.0,110.367,0.0558,790.4,1541159.0,640890.0,607884.0,268304.0,15365.0,12513.0,172.0,71.53,67.84,29.94,13965.0,8571.0,0.957,84.26,127.657,37.3,13.416,8.563,32415.132,,141.171,9.24,19.6,52.7,,3.4,80.98,0.887,896007.0,1211.2,9.71,57.8,973.48236
2517358.0,28592.0,19361.429,36332.0,238.0,222.0,239885.687,2724.607,1845.002,3462.172,22.68,21.155,1.68,1896.0,180.675,9552.0,910.235,757.0,72.137,7294.0,695.065,47161361.0,427124.0,4486.964,40.637,238826.0,22.722,0.223,1000.0,15492044.0,6827629.0,6658951.0,2409312.0,122033.0,98343.0,147.63,65.06,63.45,22.96,9371.0,64303.0,0.613,81.48,137.176,43.3,19.027,11.58,32605.906,,227.485,6.82,30.5,38.3,,6.63,79.38,0.9,10493990.0,41137.2,21.61,63.21,3913.8223
79273.0,1518.0,1017.571,1225.0,61.0,11.286,800.655,15.332,10.277,12.372,0.616,0.114,1.21,,,,,,,,,,,,,,,,,333589.0,257013.0,117844.0,,42303.0,7326.0,0.34,0.26,0.12,,74.0,5786.0,0.006,52.78,35.879,17.0,3.02,1.745,808.133,77.1,318.949,6.1,,,4.472,,60.68,0.48,99010216.0,,,,
783702.0,23228.0,15342.143,3256.0,60.0,31.714,133231.468,3948.823,2608.206,553.529,10.2,5.392,1.42,141.0,23.97,964.0,163.883,,,1062.0,180.543,53569800.0,269142.0,9150.599,45.974,233440.0,39.875,0.1133,424.5,11949786.0,4718366.0,4532089.0,2744398.0,,125058.0,203.15,80.21,77.05,46.66,21260.0,47429.0,0.806,70.37,136.52,42.3,19.677,12.325,46682.515,0.2,114.767,6.41,19.3,18.8,,2.5,80.9,0.94,5882259.0,801.2998,0.73,17.33,136.87498
13632.0,251.0,190.714,189.0,6.0,3.286,12162.187,223.937,170.151,168.622,5.353,2.931,1.99,,,,,,,,,,,,,,,,,64721.0,38634.0,26087.0,,,802.0,5.77,3.45,2.33,,716.0,653.0,0.058,49.07,41.285,25.4,4.213,2.38,2705.406,22.5,258.037,6.05,1.7,24.5,,1.4,67.11,0.524,1120851.0,,,,
6814.0,439.0,106.714,47.0,5.0,1.286,93652.932,6033.701,1466.702,645.977,68.721,17.671,1.08,,,,,,,,,,,,,,,,,57044.0,29426.0,27618.0,,1226.0,901.0,78.4,40.44,37.96,,12384.0,832.0,1.144,73.24,98.567,,,,9673.367,,227.376,11.62,,,,3.8,75.0,0.742,72758.0,,,,
417268.0,2518.0,1740.714,4246.0,32.0,23.571,37160.446,224.244,155.022,378.134,2.85,2.099,1.62,,,,,,,,,2191882.0,11329.0,197.149,1.019,8158.0,0.734,0.5118,43.2,14086551.0,6938596.0,5699587.0,1448368.0,244052.0,184208.0,125.45,61.79,50.76,12.9,16405.0,112637.0,1.003,71.3,222.873,27.6,6.981,4.419,14600.861,1.6,266.653,8.2,8.5,19.1,55.182,1.6,74.08,0.756,11228821.0,7128.401,8.19,36.03,641.1659
545800.0,5913.0,2273.286,33669.0,8786.0,1352.571,30320.534,328.482,126.287,1870.396,488.084,75.139,1.26,,,,,,,,,2046961.0,13171.0,115.012,0.74,6472.0,0.364,0.411,14.5,27566331.0,14224604.0,12690467.0,1127965.0,429786.0,354692.0,153.14,79.02,70.5,6.27,19704.0,330279.0,1.835,75.46,66.939,28.1,7.104,4.458,10581.936,3.6,140.448,5.55,2.0,12.3,80.635,1.5,77.01,0.759,18001002.0,67451.8,56.37,117.54,3789.909
384728.0,1418.0,1378.0,21727.0,73.0,67.286,3466.327,12.776,12.416,195.756,0.658,0.606,1.43,,,,,,,,,,,,,,,,,52819190.0,33098284.0,20627388.0,,975155.0,615408.0,47.59,29.82,18.58,,5545.0,327064.0,0.295,59.26,97.999,25.3,5.159,2.891,10550.206,1.3,525.432,17.31,0.2,50.1,89.827,1.6,71.99,0.707,110990096.0,280173.22,25.55,68.85,2564.2285
121741.0,2987.0,616.143,3823.0,19.0,16.0,19212.981,471.404,97.239,603.34,2.999,2.525,1.19,,,,,,,,,1162090.0,3447.0,184.045,0.546,2607.0,0.413,0.136,76.9,9620698.0,4483699.0,4156783.0,980216.0,102028.0,72435.0,151.83,70.76,65.6,15.47,11432.0,44776.0,0.707,47.22,307.811,27.6,8.273,5.417,7292.458,2.2,167.295,8.87,2.5,18.8,90.65,1.3,73.32,0.673,6336393.0,,,,
,,,,,,,,,,,,,3736.0,66.065,34336.0,607.179,,,26682.0,471.83,,,,,,,,,111916669.0,43513898.0,39817420.0,28585351.0,922467.0,831591.0,197.91,76.95,70.41,50.55,14705.0,437575.0,0.774,,,,,,,,,,,,,,,,56550000.0,,,,
13710.0,742.0,121.857,175.0,5.0,1.143,8185.485,443.007,72.754,104.483,2.985,0.682,1.3,,,,,,,,,267432.0,2355.0,163.62,1.441,1190.0,0.728,0.1531,1650.3,452666.0,249276.0,203390.0,,639.0,5013.0,27.03,14.88,12.14,,2993.0,3393.0,0.203,,45.194,22.4,2.846,1.752,22604.873,,202.812,7.78,,,24.64,2.1,58.74,0.592,1674916.0,,,,
7982.0,245.0,83.429,75.0,3.0,1.0,2166.643,66.503,22.646,20.358,0.814,0.271,1.35,,,,,,,,,,,,,,,,,,,,,,,,,,,,,,,44.304,19.3,3.607,2.171,1510.459,,311.11,6.05,0.2,11.4,,0.7,66.32,0.459,3684041.0,,,,
241810.0,2308.0,1818.857,1932.0,32.0,13.429,182351.681,1740.489,1371.621,1456.943,24.132,10.127,1.43,69.0,52.034,733.0,552.764,57.0,42.799,568.0,427.993,2536827.0,10282.0,1909.253,7.738,8537.0,6.425,0.2208,121.4,1808861.0,842134.0,827644.0,331408.0,17557.0,10161.0,136.41,63.51,62.41,24.99,7663.0,6125.0,0.462,64.7,31.033,42.7,19.452,13.491,29481.252,0.5,255.569,4.02,24.5,39.3,,4.69,78.74,0.892,1326064.0,2956.1997,9.47,45.81,2224.8745
65832.0,1642.0,1100.571,1299.0,24.0,16.429,54783.303,1366.42,915.861,1080.987,19.972,13.671,4.0,,,,,,,,,,,,,,,,,399616.0,334088.0,301243.0,,17170.0,11049.0,33.25,27.8,25.07,,9195.0,5525.0,0.46,75.0,79.492,21.5,3.163,1.845,7738.975,,333.436,3.94,1.7,16.5,24.097,2.1,60.19,0.611,1201680.0,,,,
415443.0,5185.0,4182.714,6926.0,49.0,46.571,3367.185,42.025,33.901,56.136,0.397,0.377,2.91,,,,,,,,,4112267.0,10804.0,34.188,0.09,9706.0,0.081,0.4357,64.2,10916152.0,9344163.0,,,617760.0,474622.0,8.85,7.57,,,3847.0,469650.0,0.381,51.85,104.957,19.8,3.526,2.063,1729.927,26.7,182.634,7.47,0.4,8.5,7.96,0.3,66.6,0.485,123379928.0,,,,
87965180.0,1061105.0,656645.0,1567787.0,6523.0,5618.0,118104.536,1424.67,881.63,2104.955,8.758,7.543,,,,,,,,,,,,,,,,,,1107416977.0,487520926.0,451236010.0,179137188.0,7120929.0,5948384.0,148.68,65.46,60.58,24.05,7986.0,2748609.0,0.369,,,,,,,,,,,,,,,,744807803.0,,,,
55073543.0,725382.0,439001.571,913721.0,4612.0,3390.143,122345.741,1611.434,975.241,2029.829,10.246,7.531,,,,,,,,,,,,,,,,,,748273871.0,323557350.0,307682353.0,131329463.0,5261010.0,4209968.0,166.23,71.88,68.35,29.17,9352.0,2344031.0,0.521,,,,,,,,,,,,,,,,450146793.0,,,,
5769.0,216.0,103.571,14.0,2.0,0.714,108609.296,4066.495,1949.873,263.569,37.653,13.447,,,,,,,,,,641176.0,,12123.279,,3490.0,65.989,0.0649,46.6,96235.0,41437.0,40528.0,14270.0,1442.0,1001.0,181.18,78.01,76.3,26.87,18845.0,688.0,1.295,59.26,35.308,,,,,,,,,,,,80.67,,53117.0,,,,
82.0,9.0,1.429,,0.0,0.0,21573.27,2367.798,375.841,,0.0,0.0,,,,,,,,,,,,,,,,,,4407.0,2632.0,1775.0,,,189.0,115.94,69.24,46.7,,49724.0,189.0,4.972,,,,,,,,,,,,,,81.44,,3801.0,,,,
53891.0,1405.0,1111.0,698.0,29.0,13.143,57961.709,1511.128,1194.92,750.724,31.191,14.136,1.95,,,,,,,,,468972.0,4556.0,507.211,4.927,4084.0,4.417,,,1267045.0,661452.0,605593.0,,28295.0,14274.0,136.28,71.14,65.13,,15352.0,11798.0,1.269,92.18,49.562,28.6,6.224,3.284,8702.975,1.4,412.82,14.49,10.2,34.8,,2.3,67.44,0.743,929769.0,,,,
263856.0,7375.0,4719.857,1705.0,17.0,10.429,47621.033,1331.048,851.845,307.72,3.068,1.882,1.57,64.0,11.551,376.0,67.861,,,,,8740885.0,36048.0,1578.919,6.512,26646.0,4.813,0.253,200.0,9616819.0,4275263.0,4085397.0,1132671.0,71998.0,49317.0,173.57,77.16,73.73,20.44,8901.0,32289.0,0.583,52.31,18.136,42.8,21.228,13.264,40585.721,,153.507,5.76,18.3,22.6,,3.28,81.91,0.938,5540745.0,2844.9001,2.59,19.67,513.8926
9482582.0,207692.0,120303.571,120962.0,897.0,449.0,146728.723,3213.722,1861.517,1871.705,13.88,6.948,1.71,6001.0,88.493,31262.0,461.003,3467.0,51.126,15034.0,221.698,196119209.0,1605150.0,2908.831,23.808,1075617.0,15.954,0.153,142.9,124246390.0,53230310.0,49647205.0,22448954.0,970640.0,734591.0,183.22,78.5,73.21,33.1,10833.0,411290.0,0.607,75.0,122.578,42.0,19.718,13.079,38605.671,,86.06,4.77,30.1,35.6,,5.98,82.66,0.901,67813000.0,78311.2,7.7,15.92,1213.5355
48399.0,779.0,274.714,339.0,10.0,3.0,158910.325,2557.721,901.98,1113.052,32.833,9.85,,,,,,,,,,,,,,,,,,,,,,,,,,,,,,,,,25.3,,2.897,,,,,,,,,79.95,,304568.0,224.59999,11.52,115.69,755.0544
46425.0,2745.0,1243.857,636.0,54.0,18.286,151571.05,8962.036,4061.017,2076.45,176.302,59.7,,,,,,,,,,,,,,,,,,329095.0,169995.0,159100.0,,450.0,3216.0,107.44,55.5,51.94,,10500.0,1736.0,0.567,,77.324,32.7,7.775,4.593,,,,22.63,,,,,77.66,,306292.0,560.7001,18.78,276.24,1844.1776
41798.0,1163.0,433.429,288.0,6.0,2.286,17496.045,486.815,181.427,120.553,2.512,0.957,1.46,,,,,,,,,1394773.0,40115.0,595.757,17.135,9923.0,4.238,0.6613,817.2,392898.0,219775.0,173123.0,,1486.0,7131.0,16.45,9.2,7.25,,2985.0,3682.0,0.154,68.52,7.859,23.1,4.45,2.976,16562.413,3.4,259.967,7.2,,,,6.3,66.47,0.703,2388997.0,,,,
10170.0,376.0,137.571,343.0,14.0,4.857,3758.322,138.951,50.839,126.756,5.174,1.795,1.22,,,,,,,,,132861.0,,50.328,,1148.0,0.435,0.3854,1566.4,294698.0,263056.0,249515.0,,429.0,3615.0,10.89,9.72,9.22,,1336.0,3578.0,0.132,45.37,207.566,17.5,2.339,1.417,1561.767,10.1,331.43,1.91,0.7,31.2,7.876,1.1,62.05,0.496,2705995.0,,,,
934741.0,6208.0,5025.429,13800.0,86.0,79.571,249638.058,1657.949,1342.124,3685.518,22.968,21.251,1.32,,,,,,,,,11144737.0,62994.0,2965.619,16.763,50288.0,13.382,0.1328,79.7,2512858.0,1363896.0,1148962.0,,58479.0,29680.0,67.11,36.43,30.68,,7927.0,18253.0,0.487,84.26,65.032,38.7,14.864,10.244,9745.079,4.2,496.218,7.11,5.3,55.5,,2.6,73.77,0.812,3744385.0,20504.201,22.8,75.51,5456.1704
7164980.0,75727.0,57621.571,118479.0,1045.0,836.714,85942.11,908.326,691.156,1421.125,12.535,10.036,1.55,5761.0,69.102,,,2445.0,29.327,11680.0,140.099,92472500.0,,1108.669,,278997.0,3.345,0.21,125.0,153966358.0,62755976.0,59158121.0,34336313.0,1562042.0,1148328.0,184.68,75.27,70.96,41.19,13774.0,602767.0,0.723,85.19,237.016,46.6,21.453,15.957,45229.245,,156.139,8.31,28.2,33.1,,8.0,81.33,0.947,83369840.0,88390.51,4.63,36.11,1059.7295
146119.0,2702.0,1230.857,1306.0,19.0,11.857,4364.905,80.715,36.768,39.013,0.568,0.354,1.26,,,,,,,,,2132704.0,11471.0,64.956,0.349,6766.0,0.206,0.2351,348.2,7755231.0,5774413.0,2334010.0,,60270.0,442283.0,23.17,17.25,6.97,,13212.0,390369.0,1.166,51.46,126.719,21.1,3.385,1.948,4227.63,12.0,298.245,4.97,0.3,7.7,41.047,0.9,64.07,0.611,33475870.0,,,,
8533.0,180.0,126.857,100.0,9.0,4.857,261131.683,5508.462,3882.154,3060.256,275.423,148.641,,,,,,,,,,,,,,,,,,108323.0,41173.0,40065.0,27085.0,1330.0,1068.0,331.5,126.0,122.61,82.89,32684.0,1040.0,3.183,,3457.1,,,,,,,,,,,,79.93,,32677.0,19.600002,5.77,157.23,599.4251
1170293.0,35580.0,16244.286,20708.0,134.0,95.571,112691.012,3426.105,1564.211,1994.035,12.903,9.203,1.78,,,,,389.0,37.477,3723.0,358.516,47248945.0,643683.0,4523.436,61.624,414877.0,39.719,0.068,96.0,17469497.0,7469369.0,7041133.0,3530076.0,120023.0,109105.0,168.22,71.92,67.8,33.99,10506.0,64636.0,0.622,88.89,83.479,45.3,20.396,14.524,24574.382,1.5,175.695,4.55,35.3,52.0,,4.21,82.24,0.888,10384972.0,23794.098,9.54,61.1,2277.9568
2501.0,124.0,51.429,1.0,1.0,0.143,44270.188,2194.923,910.337,17.701,17.701,2.529,,,,,,,,,,,,,,,,,,78500.0,40447.0,38053.0,,2780.0,1128.0,138.95,71.6,67.36,,19967.0,725.0,1.283,55.56,0.137,,,,,,199.941,2.16,,,,,71.7,,56494.0,-21.800001,-3.4,32.56,-387.44537
6073.0,351.0,241.571,200.0,13.0,9.571,48406.252,2797.727,1925.501,1594.146,103.62,76.291,2.24,,,,,,,,,,,,,,,,,78476.0,41287.0,35457.0,,694.0,579.0,62.55,32.91,28.26,,4615.0,451.0,0.359,,317.132,29.4,7.304,5.021,13593.877,,243.964,10.71,,,,3.7,72.4,0.779,125459.0,,,,
55795.0,7438.0,1216.0,831.0,103.0,16.286,140981.196,18794.124,3072.554,2099.747,260.257,41.15,,,,,,,,,,,,,,,,,,,,,,,,,,,,,,,,,43.4,,,,,,,,,,,82.14,,395762.0,1170.0,18.77,343.02,2954.1204
15352.0,362.0,149.857,270.0,12.0,2.857,89368.564,2107.31,872.363,1571.75,69.856,16.632,,,,,,,,,,214126.0,15431.0,1255.621,90.486,2553.0,14.971,0.445,500.0,,,,,,,,,,,,,,,304.128,31.4,9.551,5.493,,,310.496,21.52,,,,,80.07,,171783.0,,,,
626675.0,8814.0,3982.857,16102.0,121.0,66.0,35119.817,493.95,223.205,902.38,6.781,3.699,1.53,,,,,,,,,3281001.0,18118.0,186.331,1.029,13325.0,0.757,0.3485,22.0,11310579.0,6535250.0,4686883.0,88446.0,132785.0,96711.0,63.39,36.62,26.27,0.5,5420.0,70569.0,0.395,66.2,157.834,22.9,4.694,3.016,7423.808,8.7,155.898,10.18,,,76.665,0.6,74.3,0.663,17843914.0,43507.305,26.72,136.85,2470.815
7802.0,416.0,224.429,24.0,2.0,0.429,123197.903,6568.871,3543.851,378.973,31.581,6.767,,,,,,,,,,,,,,,,,,106109.0,32969.0,13618.0,,1603.0,1747.0,167.55,52.06,21.5,,27586.0,421.0,0.665,,,,,,,,,,,,,,,,63329.0,,,,
32448.0,410.0,201.429,391.0,13.0,4.857,2341.236,29.583,14.534,28.212,0.938,0.35,1.29,,,,,,,,,,,,,,,,,2952253.0,2026767.0,925486.0,,128912.0,41116.0,21.3,14.62,6.68,,2967.0,30221.0,0.218,68.13,51.755,19.0,3.135,1.733,1998.926,35.3,336.717,2.42,,,17.45,0.3,61.6,0.477,13859349.0,,,,
6484.0,99.0,57.714,149.0,6.0,2.714,3079.437,47.018,27.41,70.764,2.85,1.289,1.39,,,,,,,,,,,,,,,,,413938.0,390794.0,23144.0,,1658.0,17553.0,19.66,18.56,1.1,,8336.0,16832.0,0.799,,66.191,19.4,3.002,1.565,1548.675,67.1,382.474,2.42,,,6.403,,58.32,0.48,2105580.0,,,,
39238.0,391.0,236.286,1051.0,14.0,6.571,48518.227,483.476,292.17,1299.573,17.311,8.126,1.69,,,,,,,,,38548.0,,47.911,,955.0,1.187,0.2649,55.2,715724.0,410499.0,294160.0,11065.0,6844.0,5226.0,88.5,50.76,36.37,1.37,6462.0,4853.0,0.6,73.25,3.952,26.3,5.305,2.837,7435.047,,373.159,11.62,,,77.159,1.6,69.91,0.682,808727.0,,,,
26169.0,232.0,149.0,773.0,12.0,5.857,2258.869,20.026,12.861,66.724,1.036,0.506,1.39,,,,,,,,,,,,,,,,,197175.0,123936.0,73580.0,,14852.0,5695.0,1.7,1.07,0.64,,492.0,2495.0,0.022,64.81,398.448,24.3,4.8,2.954,1653.173,23.5,430.548,6.65,2.9,23.1,22.863,0.7,64.0,0.51,11585003.0,,,,
135591338.0,1566333.0,999707.857,2040231.0,9519.0,8470.286,108428.433,1252.551,799.437,1631.513,7.612,6.773,,,,,,,,,,,,,,,,,,2082674428.0,936142456.0,861435490.0,304488134.0,10148989.0,8546309.0,166.55,74.86,68.89,24.35,6834.0,4638693.0,0.371,,,,,,,,,,,,,,,,1250514600.0,,,,
379542.0,3812.0,1633.286,10434.0,98.0,59.143,36379.485,365.384,156.552,1000.109,9.393,5.669,1.08,,,,,,,,,,,,,,,,,9589064.0,4915362.0,4296605.0,377472.0,81065.0,156407.0,91.91,47.11,41.18,3.62,14992.0,45757.0,0.439,93.52,82.805,24.9,4.652,2.883,4541.795,16.0,240.208,7.21,2.0,,84.169,0.7,75.27,0.634,10432858.0,,,,
,,,,,,,,,,,,,,,,,,,,,30289486.0,,4041.52,,118250.0,15.778,0.0012,50000.0,9925507.0,4876264.0,4662015.0,387228.0,70783.0,65992.0,132.54,65.11,62.25,5.17,8812.0,33972.0,0.454,71.3,7039.714,44.8,16.303,10.158,56054.92,,,8.33,,,,,84.86,0.949,7488863.0,3206.0,3.88,11.01,427.77582
1256415.0,27830.0,10145.857,39186.0,489.0,268.857,126053.645,2792.129,1017.914,3931.454,49.06,26.974,1.77,,,,,,,,,8718519.0,127729.0,897.911,13.155,42124.0,4.338,0.2688,217.9,15074636.0,6266064.0,5981569.0,3176553.0,187488.0,125911.0,151.24,62.87,60.01,31.87,12632.0,77448.0,0.777,79.63,108.043,43.4,18.577,11.976,26777.561,0.5,278.296,7.55,26.8,34.8,,7.02,76.88,0.854,9967304.0,35394.3,13.64,74.98,3645.2202
28286.0,1553.0,798.857,36.0,1.0,0.286,75853.506,4164.622,2142.265,96.54,2.682,0.766,1.7,,,,,,,28.0,74.419,846941.0,9549.0,2286.959,25.785,5026.0,13.571,,,716926.0,288241.0,283920.0,200913.0,21266.0,7546.0,192.26,77.3,76.14,53.88,20236.0,4811.0,1.29,65.74,3.404,37.3,14.431,9.207,46482.958,0.2,117.992,5.31,14.3,15.2,,2.91,82.99,0.949,372903.0,57.4,1.47,47.21,154.99355
34838804.0,414188.0,391279.571,481080.0,6148.0,4190.0,24583.308,292.264,276.099,339.465,4.338,2.957,2.1,,,,,,,,,677878255.0,3740296.0,481.597,2.657,3080396.0,2.188,0.2268,193.8,1448865422.0,845640601.0,603224821.0,,18627269.0,10037995.0,102.24,59.67,42.57,,7083.0,6785334.0,0.479,81.94,450.419,28.2,5.989,3.414,6426.674,21.2,282.28,10.39,1.9,20.6,59.55,0.53,69.66,0.645,1417173120.0,,,,
4262720.0,56757.0,50039.0,144094.0,2069.0,1789.286,15472.592,206.014,181.629,523.025,7.51,6.495,1.42,,,,,,,,,42486162.0,310931.0,155.199,1.136,233459.0,0.853,0.3054,1125.7,274749184.0,161082857.0,113666327.0,,2952259.0,1897011.0,99.73,58.47,41.26,,6886.0,1160342.0,0.421,73.66,145.725,29.3,5.319,3.053,11188.744,5.7,342.864,6.32,2.8,76.1,64.204,1.04,71.72,0.718,275501344.0,,,,
6192698.0,50228.0,39795.286,131572.0,709.0,649.571,69934.029,567.224,449.407,1485.84,8.007,7.336,1.6,,,,,,,,,41982912.0,215102.0,477.494,2.446,137782.0,1.567,0.5375,55.2,116210697.0,59498870.0,51194091.0,3772199.0,1706088.0,1225502.0,131.24,67.19,57.81,4.26,13840.0,968166.0,1.093,83.33,49.831,32.4,5.44,3.182,19082.62,0.2,270.308,9.59,0.8,21.1,,1.5,76.68,0.783,88550568.0,251753.06,34.25,158.99,2863.3215
2093436.0,13515.0,11985.571,24154.0,87.0,76.286,47047.604,303.734,269.362,542.834,1.955,1.714,1.44,,,,,,,,,16789447.0,60426.0,385.666,1.388,53147.0,1.221,0.2474,53.5,14140578.0,8482581.0,5639110.0,,9985.0,435337.0,31.78,19.06,12.67,,9784.0,101833.0,0.229,84.26,88.125,20.0,3.186,1.957,15663.986,2.5,218.612,8.83,,,94.576,1.4,70.6,0.674,44496124.0,,,,
752431.0,16428.0,10704.429,6091.0,77.0,65.429,149793.912,3270.485,2131.037,1212.596,15.329,13.026,1.99,216.0,43.001,1941.0,386.414,143.0,28.458,1307.0,260.276,10025882.0,45877.0,2010.595,9.2,36652.0,7.35,0.43,50.0,9855169.0,3934586.0,3882699.0,2279053.0,135620.0,91822.0,196.2,78.33,77.3,45.37,18280.0,35060.0,0.698,87.96,69.874,38.7,13.928,8.678,67335.293,0.2,126.459,3.28,23.0,25.7,,2.96,82.3,0.955,5023108.0,3921.8994,6.46,35.71,786.4995
15366.0,580.0,254.286,67.0,4.0,0.714,181773.014,6861.145,3008.088,792.581,47.318,8.45,,,,,,,,,,,,,,,,,,177816.0,68790.0,65454.0,43572.0,2140.0,6039.0,210.35,81.38,77.43,51.54,71439.0,1143.0,1.352,,147.872,,,,,,,,,,,,81.4,,84534.0,,,,
1381938.0,11343.0,9746.714,8259.0,75.0,59.286,146252.302,1200.444,1031.507,874.061,7.937,6.274,2.25,420.0,44.449,2480.0,262.462,202.0,21.378,1985.0,210.075,33793776.0,179873.0,3637.259,19.36,154630.0,16.643,0.096,1000.0,16786452.0,6581194.0,5942734.0,4262524.0,234494.0,185557.0,177.65,69.65,62.89,45.11,19638.0,130473.0,1.381,87.04,402.606,30.6,11.733,7.359,33132.32,0.5,93.32,6.74,15.4,35.4,,2.99,82.97,0.919,9449000.0,7192.8994,8.3,33.6,808.1858
5981428.0,127000.0,66339.143,137247.0,718.0,508.143,101315.788,2151.176,1123.679,2324.744,12.162,8.607,1.97,3743.0,63.4,33080.0,560.322,1892.0,32.047,13164.0,222.977,140137606.0,1224025.0,2365.578,20.662,852751.0,14.395,0.1347,266.9,111379184.0,48450693.0,44729423.0,19703317.0,651683.0,593244.0,188.66,82.07,75.76,33.37,10049.0,477519.0,0.809,83.33,205.859,47.9,23.021,16.24,35220.084,2.0,113.151,4.78,19.8,27.8,,3.18,83.51,0.892,59037472.0,167105.89,15.58,26.21,2820.8127
93591.0,929.0,716.286,2470.0,31.0,18.286,33101.647,328.573,253.339,873.6,10.964,6.467,2.04,,,,,,,,,709092.0,3895.0,250.767,1.377,2656.0,0.939,0.4219,50.2,1208785.0,712466.0,566887.0,4834.0,29318.0,13772.0,42.75,25.2,20.05,0.17,4871.0,13076.0,0.462,86.11,266.879,31.4,9.684,6.39,8193.571,,206.537,11.28,5.3,28.6,66.425,1.7,74.47,0.734,2827382.0,5134.8,14.56,130.86,1815.8921
1733788.0,26050.0,23074.714,18393.0,260.0,115.286,13987.61,210.163,186.159,148.388,2.098,0.93,1.84,3034.0,24.477,24320.0,196.205,,,,,27993035.0,232366.0,224.641,1.865,135173.0,1.085,0.207,510.0,201971478.0,101215832.0,99712082.0,1043564.0,1757272.0,1692319.0,162.94,81.66,80.44,0.84,13653.0,1018659.0,0.822,55.09,347.778,48.2,27.049,18.493,39002.223,,79.37,5.72,11.2,33.7,,13.05,84.63,0.919,123951696.0,-13147.397,-0.46,4.57,-105.506226
19416.0,522.0,315.143,89.0,4.0,1.857,175240.983,4711.361,2844.352,803.278,36.102,16.762,,,,,,,,,,,,,,,,,,209935.0,81467.0,76997.0,51471.0,,1233.0,189.48,73.53,69.49,46.46,11129.0,547.0,0.494,,,,,,,,,,,,,,,,110796.0,,,,
1061560.0,9535.0,8343.143,12620.0,111.0,97.714,94060.939,844.861,739.255,1118.212,9.835,8.658,1.35,,,,,,,,,13243053.0,55184.0,1187.901,4.95,109611.0,9.832,0.2179,186.0,8265793.0,4331942.0,3933851.0,,185322.0,87729.0,73.24,38.38,34.86,,7773.0,47311.0,0.419,81.48,109.285,23.2,3.81,2.361,8337.49,0.1,208.257,11.75,,,,1.4,74.53,0.729,11285875.0,15042.399,28.37,121.93,1349.3013
1072037.0,8325.0,8020.429,18227.0,2291.0,327.286,55265.342,429.168,413.467,939.633,118.105,16.872,1.4,,,,,,,,,11965068.0,148586.0,623.295,7.74,58251.0,3.034,0.0589,46.9,17501273.0,8986163.0,8515110.0,,425854.0,142997.0,90.22,46.33,43.9,,7372.0,99312.0,0.512,79.17,6.681,30.6,6.991,4.625,24055.588,0.1,466.792,7.11,7.0,43.1,98.999,6.7,73.6,0.825,19397998.0,80686.41,30.47,129.66,4203.1904
292237.0,3749.0,2774.714,5376.0,37.0,33.0,5409.043,69.391,51.357,99.505,0.685,0.611,2.87,,,,,,,,,2908081.0,1779.0,54.864,0.034,7836.0,0.148,0.3541,157.7,10002184.0,5930258.0,4155832.0,5280.0,135870.0,123343.0,18.51,10.98,7.69,0.01,2283.0,81645.0,0.151,74.07,87.324,20.0,2.686,1.528,2993.028,36.8,218.637,2.92,1.2,20.4,24.651,1.4,66.7,0.601,54027484.0,,,,
,0.0,0.0,,0.0,0.0,,0.0,0.0,,0.0,0.0,,,,,,,,,,,,,,,,,,82167.0,59492.0,22675.0,,,1494.0,62.61,45.33,17.28,,11384.0,1494.0,1.138,56.94,143.701,23.2,3.895,2.21,1981.132,,434.657,22.66,35.9,58.9,,1.9,68.37,0.63,131237.0,,,,
161399.0,2541.0,2002.143,2980.0,36.0,26.143,90565.985,1425.834,1123.464,1672.17,20.201,14.67,2.21,,,,,,,,,1382762.0,14284.0,775.911,8.015,11971.0,6.717,0.2068,595.3,1673578.0,883919.0,782696.0,7886.0,22668.0,19287.0,93.91,49.6,43.92,0.44,10823.0,14906.0,0.836,75.0,168.155,,,,9795.834,0.6,,,,,,,,,1782115.0,6396.4,36.91,96.54,3848.5652
416631.0,1993.0,1827.286,2468.0,20.0,15.857,97597.125,466.867,428.047,578.137,4.685,3.715,1.91,,,,,,,,,5966736.0,34825.0,1403.9,8.194,22609.0,5.32,0.1657,924.9,6942690.0,3334421.0,3216700.0,380911.0,11920.0,40778.0,162.63,78.11,75.35,8.92,9552.0,12714.0,0.298,81.48,232.128,33.7,2.345,1.114,65530.537,,132.235,15.84,2.7,37.0,,2.0,75.49,0.806,4268886.0,6626.4004,52.26,143.01,1559.1123
184689.0,1965.0,1466.429,2802.0,14.0,12.429,27853.952,296.352,221.16,422.585,2.111,1.874,1.42,,,,,,,,,,,,,,,,,2255224.0,1231313.0,990973.0,,34472.0,22900.0,34.01,18.57,14.95,,3454.0,15714.0,0.237,58.33,32.333,26.3,4.489,2.882,3393.474,1.4,436.362,7.11,3.6,50.5,89.22,4.5,71.45,0.697,6630621.0,14531.999,22.59,49.0,2226.1907
111060.0,1898.0,1444.0,372.0,14.0,9.571,14750.028,252.076,191.78,49.406,1.859,1.271,2.19,,,,,,,,,849190.0,11248.0,114.368,1.515,7189.0,0.968,0.3356,309.6,5830021.0,3744740.0,3099003.0,,662440.0,146235.0,77.43,49.73,41.16,,19422.0,63954.0,0.849,86.11,29.715,24.4,4.029,2.322,6397.36,22.7,368.111,4.0,7.3,51.2,49.839,1.5,67.92,0.613,7529477.0,,,,
276674.0,3206.0,2494.571,4570.0,79.0,39.571,149500.663,1732.361,1347.94,2469.397,42.688,21.382,1.4,238.0,128.603,,,416.0,224.976,1191.0,643.474,5556489.0,54975.0,2965.17,29.337,35981.0,19.201,0.1383,199.8,2555555.0,1314123.0,1262507.0,258489.0,24836.0,17033.0,138.09,71.01,68.22,13.97,9204.0,11089.0,0.599,67.59,31.212,43.9,19.754,14.136,25063.846,0.7,350.06,4.91,25.6,51.0,,5.57,75.29,0.866,1850654.0,7187.201,12.86,79.74,3835.3708
723640.0,6154.0,4800.714,9102.0,302.0,76.286,131816.711,1120.999,874.488,1658.001,55.012,13.896,1.34,,,,,,,,,4731376.0,28229.0,846.002,5.048,16904.0,3.023,,,4379487.0,2252750.0,1831322.0,295415.0,285437.0,56153.0,79.78,41.04,33.36,5.38,10229.0,17241.0,0.314,92.59,594.561,31.1,8.514,5.43,13367.565,,266.591,12.71,26.9,40.7,,2.9,78.93,0.744,5489744.0,15149.599,31.27,86.62,2708.8525
29652.0,1591.0,479.571,671.0,25.0,10.429,12859.6,689.991,207.982,291.002,10.842,4.523,1.32,,,,,,,,,,,,,,,,,857925.0,782175.0,727528.0,,,17261.0,37.21,33.92,31.55,,7486.0,8891.0,0.386,85.19,73.562,22.2,4.506,2.647,2851.153,59.6,405.126,3.94,0.4,53.9,2.117,,54.33,0.527,2305826.0,,,,
6584.0,219.0,163.143,287.0,11.0,5.714,1241.634,41.3,30.766,54.123,2.074,1.078,1.74,,,,,,,,,,,,,,,,,880313.0,784838.0,755263.0,,8242.0,39207.0,16.6,14.8,14.24,,7394.0,25624.0,0.483,55.56,49.127,19.2,3.057,1.756,752.788,38.6,272.509,2.42,1.5,18.1,1.188,0.8,64.1,0.48,5302690.0,,,,
388183.0,4322.0,2855.286,5696.0,53.0,27.714,56982.296,634.437,419.134,836.129,7.78,4.068,1.61,,,,,,,,,,11041.0,,1.639,,,,,2679874.0,1854197.0,825677.0,,48231.0,23862.0,39.34,27.22,12.12,,3503.0,19296.0,0.283,87.96,3.623,29.0,4.424,2.816,17881.509,,341.862,10.43,,,,3.7,72.91,0.724,6812344.0,,,,
6290.0,78.0,61.429,69.0,3.0,1.429,159827.214,1981.959,1560.884,1753.272,76.229,36.3,1.63,,,22.0,559.014,,,,,88562.0,859.0,2268.552,22.004,397.0,10.169,0.245,166.7,63015.0,26157.0,,12173.0,973.0,726.0,160.12,66.46,,30.93,18447.0,399.0,1.014,60.19,237.012,,,,,,,7.77,,,,2.397,82.49,0.919,39355.0,57.8,18.72,38.1,1479.8505
524426.0,3658.0,3061.714,7396.0,51.0,46.857,190696.342,1330.154,1113.327,2689.398,18.545,17.039,1.65,161.0,58.544,2571.0,934.889,129.0,47.042,,,6905982.0,28247.0,2478.237,10.137,22670.0,8.135,0.24,250.0,4131875.0,1917809.0,1832178.0,652045.0,41195.0,27613.0,150.25,69.74,66.62,23.71,10041.0,16203.0,0.589,79.63,45.135,43.5,19.002,13.778,29524.265,0.7,342.989,3.67,21.3,38.0,,6.56,75.93,0.882,2750058.0,16552.8,22.29,73.4,5940.0317
1805520.0,24836.0,16829.571,42106.0,1003.0,325.286,2447.815,33.671,22.817,57.085,1.36,0.441,,,,,,,,,,,,,,,,,,76255328.0,55492415.0,27747461.0,,1184765.0,993536.0,10.34,7.52,3.76,,1347.0,846100.0,0.115,,,,,,,,,,,,,,,,737604900.0,,,,
65862873.0,484421.0,453003.857,1192986.0,7383.0,5581.571,19190.27,141.144,131.99,347.597,2.151,1.626,,,,,,,,,,,,,,,,,,2815313728.0,1614033886.0,1185090131.0,17170706.0,24966004.0,17055076.0,82.03,47.03,34.53,0.5,4969.0,10376094.0,0.302,,,,,,,,,,,,,,,,3432097300.0,,,,
102487.0,1231.0,578.143,915.0,8.0,5.143,158256.396,1900.862,892.745,1412.907,12.353,7.941,1.88,38.0,58.678,145.0,223.903,24.0,37.186,109.0,168.888,3823304.0,16526.0,5980.257,25.849,11412.0,17.85,0.242,500.0,1076484.0,464399.0,37868.0,208928.0,8939.0,7216.0,166.23,71.71,5.85,32.26,11143.0,5094.0,0.787,67.59,231.447,39.7,14.312,9.842,94277.965,0.2,128.275,4.42,20.9,26.0,,4.51,82.25,0.916,647601.0,133.7,2.88,37.64,209.12517
,,,,,,,,,,,,,,,,,,,,,,,,,,,,,972604.0,493104.0,461609.0,,7758.0,6788.0,139.91,70.93,66.4,,9764.0,5740.0,0.826,54.63,20546.766,39.2,9.798,4.991,104861.851,,,,,,,,84.24,,695180.0,-4.7999973,-0.11,10.05,-6.9908032
50279.0,2984.0,633.857,1027.0,31.0,10.286,1697.943,100.771,21.406,34.682,1.047,0.347,1.1,,,,,,,,,331121.0,3284.0,11.451,0.114,1957.0,0.068,0.3842,858.1,742069.0,589003.0,541160.0,,13544.0,10256.0,2.51,1.99,1.83,,346.0,10256.0,0.035,82.41,43.951,19.6,2.929,1.686,1416.44,77.6,405.994,3.94,,,50.54,0.2,67.04,0.528,29611718.0,,,,
74201.0,1316.0,994.571,2355.0,50.0,32.143,3636.356,64.493,48.741,115.411,2.45,1.575,2.53,,,,,,,,,309766.0,3225.0,15.574,0.162,2935.0,0.148,0.7944,612.8,1800908.0,1492675.0,705769.0,,55787.0,21351.0,8.83,7.32,3.46,,1046.0,16138.0,0.079,51.85,197.519,18.1,2.979,1.783,1095.042,71.4,227.349,3.94,4.4,24.7,8.704,1.3,64.26,0.483,20405318.0,,,,
2758086.0,24599.0,21807.429,31487.0,592.0,416.571,81267.855,724.817,642.563,927.774,17.443,12.274,1.27,1593.0,46.938,14753.0,434.702,,,16562.0,488.004,41845740.0,181238.0,1246.378,5.398,164449.0,4.898,0.1526,43.2,57854193.0,26038354.0,25667317.0,6349060.0,583119.0,550663.0,170.47,76.72,75.63,18.71,16225.0,347118.0,1.023,91.67,96.254,29.9,6.293,3.407,26808.164,0.1,260.942,16.74,1.0,42.4,,1.9,76.16,0.81,33938216.0,26278.799,7.2,73.96,782.71576
95700.0,2194.0,1628.714,262.0,10.0,5.571,182704.019,4188.638,3109.432,500.193,19.091,10.637,1.5,,,,,,,,,1870329.0,8553.0,3586.73,16.402,6805.0,13.05,0.3134,81.4,790154.0,396779.0,367450.0,25925.0,11474.0,7843.0,150.85,75.75,70.15,4.95,14973.0,7843.0,1.497,,1454.433,30.6,4.12,2.875,15183.616,,164.905,9.19,2.1,55.0,95.803,,78.92,0.74,523798.0,578.3999,26.18,108.68,1109.1741
20670.0,413.0,232.286,658.0,8.0,5.0,914.861,18.28,10.281,29.123,0.354,0.221,1.53,,,,,,,,,,,,,,,,,1057653.0,877525.0,392809.0,,,31306.0,4.68,3.88,1.74,,1386.0,30919.0,0.137,50.93,15.196,16.4,2.519,1.486,2014.306,,268.024,2.42,1.6,23.0,52.232,0.1,59.31,0.434,22593598.0,,,,
52470.0,1403.0,1101.714,477.0,5.0,3.429,98388.691,2630.824,2065.871,894.443,9.376,6.429,3.62,27.0,50.629,,,14.0,26.873,70.0,130.525,1548862.0,8190.0,2940.423,15.548,7156.0,13.585,0.1543,1677.0,1072274.0,444615.0,435874.0,,9536.0,7557.0,201.07,83.37,81.73,,14170.0,4398.0,0.825,75.0,1454.037,42.4,19.426,11.324,36513.323,0.2,168.711,8.83,20.9,30.2,,4.485,82.53,0.895,533293.0,517.10004,7.04,43.51,981.67834
4.0,0.0,0.0,,0.0,0.0,96.17,0.0,0.0,,0.0,0.0,,,,,,,,,,3184.0,2698.0,75.719,64.162,14.0,0.333,0.0,,,,,,,,,,,,,,,,295.15,,,,3819.202,,557.793,30.53,,,82.502,2.7,73.7,0.704,41593.0,,,,
49369.0,3821.0,1029.0,783.0,114.0,24.143,134333.029,10396.939,2799.909,2130.543,310.194,65.693,,,,,,,,,,,,,,,,,,,,,,,,,,,,,,,,,45.7,,12.543,,,,,,,,,82.54,,367512.0,948.1,13.2,199.18,2570.7769
41154.0,401.0,323.714,863.0,11.0,6.286,8689.344,84.668,68.35,182.216,2.323,1.327,2.4,,,,,,,,,254282.0,1195.0,55.099,0.259,1786.0,0.387,0.1813,162.4,1937226.0,1166230.0,767082.0,,10385.0,65422.0,40.9,24.62,16.2,,13813.0,20562.0,0.434,59.26,4.289,20.3,3.138,1.792,3597.633,6.0,232.347,2.42,,,15.95,,64.92,0.546,4736146.0,,,,
91094.0,2131.0,1703.143,786.0,59.0,21.286,70100.456,1639.889,1310.636,604.858,45.403,16.38,1.56,,,,,,,,,,,,,,,,,2036896.0,937052.0,909900.0,,35153.0,20570.0,156.75,72.11,70.02,,15829.0,19835.0,1.526,97.22,622.962,37.4,10.945,5.884,20292.745,0.5,224.644,22.02,3.2,40.7,,3.4,74.99,0.804,1299478.0,1097.6001,4.72,89.84,845.0085
21911.0,1209.0,413.429,185.0,15.0,3.286,67188.367,3707.304,1267.746,567.288,45.996,10.075,,,,,,,,,,,,,,,,,,,,,,,,,,,,,,,,,20.1,,2.411,,,,,,,,,79.46,,326113.0,409.20007,31.51,219.44,1294.8468
4034822.0,25605.0,19305.857,303822.0,1495.0,1432.429,31644.64,200.817,151.414,2382.841,11.725,11.234,1.55,,,,,,,,,12043531.0,63580.0,95.052,0.502,49212.0,0.388,0.434,6.4,148814260.0,81916007.0,72780356.0,,7246123.0,1648223.0,116.71,64.25,57.08,,12927.0,762995.0,0.598,71.76,66.444,29.3,6.857,4.321,17336.469,2.5,152.783,13.06,6.9,21.4,87.847,1.38,75.05,0.779,127504120.0,634988.44,50.61,168.45,5011.5444
,0.0,0.0,,0.0,0.0,,0.0,0.0,,0.0,0.0,,,,,,,,,,,,,,,,,,,,,,,,,,,,,,,,150.777,23.0,4.81,2.392,3299.464,16.0,454.343,12.02,,,,,67.88,0.62,114178.0,,,,
375780.0,2273.0,1668.571,10269.0,231.0,70.571,114812.345,694.471,509.8,3137.495,70.578,21.562,1.31,,,,,,,,,,11372.0,,3.715,8634.0,2.82,0.3568,109.7,1776513.0,989897.0,982152.0,,45233.0,16176.0,54.28,30.24,30.01,,4942.0,11739.0,0.359,73.15,123.655,37.6,10.864,6.955,5189.972,0.2,408.502,5.72,5.9,44.6,86.979,5.8,71.9,0.75,3272993.0,15701.999,22.66,64.34,5128.843
5046.0,162.0,74.857,38.0,3.0,1.143,138280.672,4439.451,2051.386,1041.353,82.212,31.319,1.43,,,,,,,,,,,,,,,,,65140.0,28875.0,25667.0,10598.0,,313.0,178.51,79.13,70.34,29.04,8577.0,219.0,0.6,50.93,19347.5,,,,,,,5.46,,,,13.8,86.75,,36491.0,134.00002,15.58,65.09,3649.9336
693119.0,24556.0,7836.286,1986.0,19.0,18.143,203956.128,7225.811,2305.893,584.397,5.591,5.339,1.48,,,,,,,,,6392729.0,1777881.0,1909.542,531.062,260700.0,77.872,0.9912,1378.9,5340605.0,2265984.0,2163572.0,911049.0,827202.0,125462.0,157.15,66.68,63.66,26.81,36918.0,92781.0,2.73,96.3,1.98,28.6,4.031,2.421,11840.846,0.5,460.043,4.82,5.5,46.5,71.18,7.0,69.87,0.737,3398373.0,723.7997,2.06,54.44,216.20276
168338.0,1743.0,910.857,2401.0,18.0,10.571,268446.551,2779.541,1452.533,3828.845,28.704,16.858,2.33,,,,,,,,,,,,,,,,,634517.0,283884.0,272853.0,77780.0,69811.0,11277.0,101.19,45.27,43.51,12.4,17983.0,6875.0,1.096,,46.28,39.1,14.762,9.395,16409.288,1.0,387.305,10.08,44.0,47.9,,3.861,76.88,0.829,627082.0,2982.8994,22.67,86.05,4750.929
45.0,6.0,1.0,1.0,0.0,0.0,10197.145,1359.619,226.603,226.603,0.0,0.0,,,,,,,,,,,,,,,,,,3020.0,1547.0,1472.0,,,53.0,68.43,35.06,33.36,,12010.0,43.0,0.974,,,,,,,,,,,,,,74.16,,4413.0,,,,
961058.0,12039.0,9774.286,14844.0,127.0,110.714,25656.966,321.4,260.94,396.284,3.39,2.956,2.27,,,,,,,,,9881067.0,51434.0,266.504,1.387,41809.0,1.128,0.2382,112.4,50265580.0,24630172.0,22994609.0,,898916.0,401310.0,134.19,65.75,61.39,,10714.0,294508.0,0.786,76.85,80.08,29.6,6.769,4.209,7485.013,1.0,419.146,7.14,0.8,47.1,,1.1,76.68,0.686,37457976.0,,,,
184219.0,6640.0,2765.286,1996.0,34.0,26.143,5587.555,201.398,83.874,60.541,1.031,0.793,2.62,,,,,,,,,1067326.0,7384.0,33.274,0.23,5716.0,0.178,0.6374,376.5,14718782.0,8633965.0,6084817.0,,295812.0,257780.0,44.64,26.19,18.46,,7819.0,203553.0,0.617,63.89,37.728,17.7,3.158,1.87,1136.103,62.9,329.942,3.3,5.1,29.1,12.227,0.7,60.85,0.456,32969520.0,,,,
530834.0,7083.0,5831.286,19268.0,397.0,374.286,9797.725,130.733,107.629,355.634,7.328,6.908,1.82,,,,,,,,,4791847.0,35248.0,89.071,0.655,31714.0,0.59,0.3826,211.3,31859036.0,18829259.0,13029777.0,,3800.0,366806.0,58.8,34.75,24.05,,6770.0,287725.0,0.531,90.74,81.721,29.1,5.732,3.12,5591.597,6.4,202.104,4.61,6.3,35.2,79.287,0.9,67.13,0.583,54179312.0,,,,
148839.0,2547.0,1826.714,3645.0,150.0,79.429,57981.149,992.2,711.608,1419.932,58.433,30.942,1.53,,,,,,,,,872058.0,7602.0,344.666,3.005,4295.0,1.698,0.5086,275.2,630212.0,346454.0,283758.0,,9823.0,6202.0,24.55,13.5,11.05,,2416.0,2641.0,0.103,87.04,3.078,22.0,3.552,2.085,9541.808,13.4,243.811,3.94,9.7,34.2,44.6,,63.71,0.646,2567024.0,,,,
,0.0,0.0,,0.0,0.0,,0.0,0.0,,0.0,0.0,,,,,,,,,,,,,,,,,,14863.0,7612.0,7251.0,,168.0,560.0,117.11,59.98,57.13,,44126.0,239.0,1.883,,682.45,,,,12895.635,,,24.07,43.0,36.9,,5.0,59.96,,12691.0,,,,
828431.0,9317.0,8962.714,11594.0,246.0,200.714,27119.361,305.0,293.402,379.539,8.053,6.571,2.19,,,,,,,,,5673353.0,78160.0,188.891,2.602,25265.0,0.841,0.463,52.6,21988516.0,12251183.0,9737333.0,,312874.0,226872.0,71.98,40.11,31.88,,7427.0,170702.0,0.559,97.22,204.43,25.0,5.809,3.212,2442.804,15.0,260.797,7.26,9.5,37.8,47.782,0.3,70.78,0.602,30547586.0,,,,
3114894.0,23699.0,22446.286,20885.0,187.0,107.143,177345.164,1349.292,1277.97,1189.079,10.647,6.1,2.8,769.0,43.783,1918.0,109.201,375.0,21.35,2184.0,124.345,22108497.0,104640.0,1263.22,5.979,96831.0,5.533,0.297,32.3,28509960.0,12616978.0,11782302.0,4861661.0,,232309.0,162.32,71.83,67.08,27.68,13226.0,143691.0,0.818,82.41,508.544,43.2,18.779,11.881,48472.545,,109.361,5.29,24.4,27.3,,3.32,82.28,0.944,17564020.0,28118.197,9.37,45.74,1606.5984
12928.0,1112.0,482.714,281.0,23.0,11.571,44585.614,3835.025,1664.767,969.103,79.322,39.907,,,,,,,,,,,,,,,,,,355717.0,182486.0,173231.0,,,5037.0,122.68,62.94,59.74,,17371.0,3736.0,1.288,,15.342,33.4,9.954,6.489,,,,23.36,,,,,77.55,,289959.0,205.4,6.19,130.32,713.6677
13746.0,222.0,194.429,51.0,3.0,1.0,2650.961,42.813,37.496,9.836,0.579,0.193,2.14,,,,,,,,,5577146.0,52117.0,1087.221,10.16,39929.0,7.784,,,8185415.0,3971259.0,3856161.0,357995.0,131500.0,81486.0,157.86,76.59,74.37,6.9,15715.0,58163.0,1.122,96.3,18.206,37.9,15.322,9.72,36085.843,,128.797,8.08,14.8,17.2,,2.61,82.29,0.931,5185289.0,-2072.6,-3.92,10.76,-404.03687
13563.0,516.0,73.714,217.0,1.0,0.143,1951.962,74.262,10.609,31.23,0.144,0.021,1.35,,,,,,,,,,,,,,,,,7785141.0,4879356.0,2905785.0,,,311302.0,112.04,70.22,41.82,,44802.0,185228.0,2.666,13.89,51.667,27.3,5.445,3.519,5321.444,3.2,137.016,11.47,,,,0.9,74.48,0.66,6948395.0,17417.799,36.93,182.28,2542.5417
7365.0,134.0,66.857,274.0,7.0,3.571,281.021,5.113,2.551,10.455,0.267,0.136,1.25,,,,,,,,,,,,,,,,,971636.0,507223.0,464413.0,,,25351.0,3.71,1.94,1.77,,967.0,21340.0,0.081,27.78,16.955,15.1,2.553,1.378,926.0,44.5,238.339,2.42,0.1,15.4,8.978,0.3,62.42,0.394,26207982.0,,,,
241513.0,4035.0,1953.429,3030.0,93.0,27.429,1105.114,18.463,8.938,13.865,0.426,0.126,1.36,,,,,,,,,3823309.0,22066.0,17.916,0.103,19768.0,0.093,0.246,403.3,14838199.0,10310476.0,4482899.0,,797209.0,183486.0,6.79,4.72,2.05,,840.0,151660.0,0.069,58.33,209.588,18.1,2.751,1.447,5338.454,,181.013,2.42,0.6,10.8,41.949,,54.69,0.539,218541216.0,,,,
,0.0,0.0,,0.0,0.0,,0.0,0.0,,0.0,0.0,,,,,,,,,,,,,,,,,,2628.0,1202.0,1150.0,,,87.0,134.63,61.58,58.91,,44570.0,87.0,4.457,,,,,,,,,,,,,,73.71,,1952.0,,,,
64102325.0,542800.0,357089.571,1224887.0,6103.0,4947.143,106779.608,904.179,594.828,2040.378,10.166,8.241,,,,,,,,,,,,,,,,,,841887464.0,405815271.0,352740617.0,91239812.0,9186630.0,4205266.0,140.24,67.6,58.76,15.2,7005.0,2550092.0,0.425,,,,,,,,,,,,,,,,600323657.0,,,,
,0.0,0.0,,0.0,0.0,,0.0,0.0,,0.0,0.0,,,,,,,,,,99608.0,,3.835,,220.0,0.008,,,,,,,,,,,,,,,,,211.701,35.3,9.491,6.139,,,321.681,4.0,,,,13.2,72.27,,26069416.0,,,,
225049.0,1511.0,1133.143,7964.0,51.0,42.571,107493.483,721.721,541.24,3803.963,24.36,20.334,2.45,,,,,,,,,1511884.0,5569.0,718.805,2.648,9128.0,4.34,0.3117,511.2,1755026.0,842871.0,816777.0,95378.0,39207.0,15628.0,83.83,40.26,39.01,4.56,7465.0,11463.0,0.548,,82.6,39.1,13.26,8.16,13111.214,5.0,322.688,10.08,,,,4.28,75.8,0.774,2093606.0,14196.201,35.69,101.01,6749.3965
,,,,,,,,,,,,,,,,,,,,,,,,,,,,,617389.0,284357.0,275988.0,80243.0,1193.0,6011.0,161.27,74.28,72.09,20.96,15701.0,1847.0,0.482,,,,,,,,,,,,,,,,382836.0,,,,
,,,,,,,,,,,,,63.0,33.228,1059.0,558.544,,,657.0,346.519,,,,,,,,,3520286.0,1399070.0,1296530.0,824686.0,32625.0,23766.0,185.67,73.79,68.38,43.5,12535.0,14026.0,0.74,,,,,,,,,,,,,,,,1896000.0,,,,
3255.0,332.0,133.571,13.0,2.0,0.714,65659.418,6697.059,2694.385,262.234,40.344,14.408,,,,,,,,,,59110.0,487.0,1194.6,9.842,251.0,5.073,0.831,1000.0,,,,,,,,,,,,,,,119.878,,,,,,194.994,,,,,,76.74,,49574.0,,,,
394909.0,6646.0,4905.143,1394.0,59.0,10.571,72669.388,1222.967,902.622,256.518,10.857,1.945,1.45,,,383.0,70.478,72.0,13.169,257.0,47.298,9256717.0,41249.0,1713.248,7.634,30618.0,5.667,0.27,111.1,9789464.0,4292402.0,3929338.0,1567724.0,138686.0,69148.0,180.14,78.99,72.31,28.85,12724.0,50916.0,0.937,73.15,14.462,39.7,16.821,10.813,64800.057,0.2,114.316,5.31,19.6,20.7,,3.6,82.4,0.957,5434324.0,1155.8999,1.43,27.44,213.93585
548908.0,99979.0,14575.286,4989.0,105.0,38.857,12187.431,2219.839,323.616,110.771,2.331,0.863,,,,,,,,,,,,,,,,,,54154963.0,26305175.0,25111161.0,2738351.0,439393.0,386459.0,120.24,58.41,55.75,6.08,8581.0,220929.0,0.491,,,,,,,,,,,,,,,,45038860.0,,,,
305489.0,3544.0,2018.857,4483.0,123.0,45.143,66754.583,774.425,441.155,979.612,26.878,9.864,2.04,,,,,,,,,,,,,,,,,6118018.0,3121894.0,2902254.0,32412.0,6747.0,61172.0,133.69,68.22,63.42,0.71,13367.0,39444.0,0.862,84.26,14.98,30.7,2.355,1.53,37960.709,,266.342,12.61,0.5,15.6,97.4,1.6,77.86,0.813,4576300.0,4533.0,28.99,132.68,1002.77094
1294861.0,6127.0,5694.0,28921.0,201.0,140.286,5490.774,25.981,24.145,122.638,0.852,0.595,1.44,,,,,,,,,23372405.0,68002.0,101.003,0.294,63220.0,0.273,0.1059,174.9,156623021.0,96980678.0,70576467.0,,1703092.0,1394785.0,66.41,41.12,29.93,,5914.0,921954.0,0.391,78.24,255.573,23.5,4.495,2.78,5034.708,4.0,423.031,8.35,2.8,36.7,59.607,0.6,67.27,0.557,235824864.0,,,,
12.0,3.0,0.571,,0.0,0.0,663.57,165.893,31.599,,0.0,0.0,,,,,,,,,,,,,,,,,,,,,,,,,,,,,,,,47.237,,,,13240.405,,,15.89,7.7,22.7,,4.8,73.7,0.826,18084.0,,,,
470303.0,2886.0,2522.571,4931.0,34.0,26.143,89580.227,549.706,480.483,939.224,6.476,4.98,1.81,,,,,,,,,,12827.0,,2.499,11369.0,2.215,0.8582,59.9,3383211.0,1910794.0,1515699.0,2779.0,58442.0,41850.0,64.44,36.4,28.87,0.05,7971.0,39547.0,0.753,92.59,778.202,20.4,3.043,1.726,4449.898,1.0,265.91,10.59,,,,,74.05,0.708,5250076.0,4737.8003,19.34,67.69,922.9374
491043.0,5186.0,3637.143,7425.0,61.0,47.429,111383.433,1176.342,825.014,1684.215,13.837,10.758,1.71,,,,,,,,,4506267.0,25679.0,1035.622,5.901,15086.0,3.467,0.2813,45.9,6193744.0,3120802.0,2804103.0,268839.0,27784.0,71750.0,140.49,70.79,63.61,6.1,16275.0,66795.0,1.515,89.81,55.133,29.7,7.918,5.03,22267.037,2.2,128.346,8.33,2.4,9.9,,2.3,78.51,0.815,4408582.0,7525.8994,24.63,86.76,1729.5892
36190.0,798.0,447.286,590.0,105.0,17.286,3568.11,78.678,44.1,58.17,10.352,1.704,1.41,,,,,,,,,,,,,,,,,504018.0,283915.0,220103.0,,,5196.0,4.97,2.8,2.17,,512.0,2530.0,0.025,74.88,18.22,22.6,3.808,2.142,3823.194,,561.494,17.65,23.5,48.8,,,64.5,0.555,10142625.0,,,,
466101.0,3481.0,3042.0,16624.0,152.0,137.143,68738.907,513.365,448.623,2451.648,22.416,20.225,1.2,,,,,,,,,2048822.0,9581.0,305.621,1.429,8861.0,1.322,0.4567,95.5,6833614.0,3469821.0,2948027.0,415766.0,141096.0,90584.0,100.78,51.17,43.48,6.13,13359.0,79467.0,1.172,76.85,17.144,26.5,6.378,3.833,8827.01,1.7,199.128,8.27,5.0,21.6,79.602,1.3,74.25,0.728,6780745.0,22021.602,36.84,154.36,3284.9421
2287494.0,13326.0,9400.857,202584.0,843.0,818.143,67181.253,391.37,276.093,5949.676,24.758,24.028,1.5,,,,,,,,,21790289.0,,646.299,,66244.0,1.965,0.177,47.6,51093788.0,24839409.0,22086000.0,4168379.0,603812.0,390094.0,150.06,72.95,64.86,12.24,11457.0,317610.0,0.933,75.0,25.129,29.1,7.151,4.455,12236.706,3.5,85.755,5.95,4.8,,,1.6,76.74,0.777,34049588.0,181545.02,76.55,210.79,5384.6216
2843869.0,26238.0,20915.714,51504.0,484.0,267.0,24609.67,227.053,180.996,445.694,4.188,2.311,4.22,,,,,,,,,23778192.0,85772.0,208.8,0.753,78116.0,0.686,0.2753,335.5,108534301.0,56110301.0,49626439.0,1786975.0,2648872.0,1629125.0,93.92,48.56,42.94,1.55,14098.0,768187.0,0.665,81.02,351.873,25.2,4.803,2.661,7599.188,,370.437,7.07,7.8,40.8,78.463,1.0,71.23,0.718,115559008.0,230404.61,19.32,123.25,2023.2168
,0.0,0.0,,0.0,0.0,,0.0,0.0,,0.0,0.0,,,,,,,,,,,,,,,,,,94.0,47.0,47.0,,,1.0,200.0,100.0,100.0,,21277.0,0.0,0.0,,,,,,,,,,,,,,,,47.0,,,,
4109201.0,35251.0,28873.286,97058.0,954.0,603.429,103098.23,884.434,724.419,2435.147,23.935,15.14,1.64,,,34864.0,874.724,,,,,27906302.0,,728.477,,108822.0,2.841,0.3369,510.3,46987401.0,21673668.0,21046400.0,6865164.0,638504.0,341329.0,117.89,54.38,52.8,17.22,8564.0,200892.0,0.504,80.56,124.027,41.8,16.763,10.202,27216.445,,227.331,5.91,23.3,33.1,,6.62,78.73,0.88,39857144.0,153806.5,18.38,67.9,4015.026
1356390.0,29304.0,14996.857,18937.0,297.0,287.714,132062.008,2853.121,1460.137,1843.76,28.917,28.013,1.57,904.0,88.016,6869.0,668.785,,,,,26804825.0,402756.0,2604.913,39.14,241430.0,23.462,0.2036,151.8,19964814.0,9392871.0,8534163.0,3136652.0,,152123.0,194.38,91.45,83.09,30.54,14811.0,68125.0,0.663,87.96,112.371,46.2,21.502,14.924,27936.896,0.5,127.842,9.85,16.3,30.0,,3.39,82.05,0.864,10270857.0,20808.002,14.14,72.3,2022.1362
317561.0,16359.0,10193.429,3319.0,20.0,14.286,97638.614,5029.806,3134.114,1020.473,6.149,4.392,,,,,,,,,,2244958.0,23391.0,689.477,7.184,15918.0,4.889,0.823,90.9,,,,,,,,,,,,,,,376.232,38.2,15.168,9.829,35044.67,,108.094,12.9,,,,,80.1,,3252412.0,4656.299,8.43,29.15,1430.0541
249787.0,989.0,975.714,617.0,10.0,7.429,92680.838,366.958,362.029,228.931,3.71,2.756,2.12,,,,,,,,,4163972.0,100000.0,1548.961,37.199,28986.0,10.783,,,5205664.0,2360308.0,2218292.0,,43974.0,37344.0,193.15,87.58,82.31,,13856.0,20179.0,0.749,87.96,227.322,31.9,1.307,0.617,116935.6,,176.69,16.52,0.8,26.9,,1.2,80.23,0.848,2695131.0,920.6,23.64,115.97,342.45465
76602.0,4807.0,1337.857,409.0,22.0,3.143,78641.811,4935.004,1373.483,419.891,22.586,3.227,,,,,,,,,,,,,,,,,,,,,,,,,,,,,,,,,36.0,,6.841,,,,,,,,,80.48,,974062.0,280.49997,2.64,43.63,290.33298
1807223.0,18863.0,15022.571,58714.0,591.0,453.714,91927.269,959.496,764.147,2986.581,30.062,23.079,1.63,1902.0,96.748,20951.0,1065.706,,,,,16695984.0,,863.799,,63324.0,3.276,0.3042,545.3,15824909.0,5474507.0,7817215.0,,150935.0,131697.0,80.5,27.85,39.76,,6699.0,59501.0,0.303,76.85,85.129,43.0,17.85,11.69,23313.199,5.7,370.946,9.74,22.9,37.1,,6.892,76.05,0.828,19659270.0,106341.9,20.62,130.11,5501.802
10499982.0,41335.0,40447.571,308860.0,1254.0,1248.857,72557.126,285.634,279.501,2134.289,8.665,8.63,1.27,,,,,,,,,240477547.0,730274.0,1657.291,5.033,617847.0,4.258,0.0967,40.4,146364014.0,73824201.0,66773441.0,7382067.0,2389472.0,1020075.0,101.14,51.01,46.14,5.1,7049.0,569281.0,0.393,66.2,8.823,39.6,14.178,9.393,24765.954,0.1,431.297,6.18,23.4,58.3,,8.05,72.58,0.824,144713312.0,1076833.1,30.74,84.53,7421.1763
110558.0,2773.0,1437.143,1349.0,22.0,15.286,8024.998,201.282,104.317,97.919,1.597,1.11,2.41,,,,,,,,,3989715.0,33530.0,296.371,2.491,28382.0,2.108,0.1257,1175.9,12588963.0,7629877.0,5435180.0,,211071.0,139418.0,91.38,55.38,39.45,,10120.0,129197.0,0.938,76.85,494.869,20.3,2.974,1.642,1854.211,56.0,191.375,4.28,4.7,21.0,4.617,,69.02,0.543,13776702.0,,,,
1726.0,270.0,38.571,4.0,2.0,0.286,156994.724,24558.85,3508.407,363.835,181.917,25.988,,,,,,,,,,,,,,,,,,,,,,,,,,,,,,,,,,,,,,,,,,,,,,10994.0,,,,
,0.0,0.0,,0.0,0.0,,0.0,0.0,,0.0,0.0,,,,,,,,,,,,,,,,,,7892.0,4361.0,3531.0,,,165.0,146.12,80.74,65.38,,30550.0,149.0,2.759,,,,,,,,,,,,,,80.56,,5401.0,,,,
2918.0,173.0,58.429,28.0,3.0,1.0,61198.381,3628.28,1225.406,587.236,62.918,20.973,2.65,,,,,,,,,58933.0,904.0,1237.932,18.989,598.0,12.561,0.2725,112.0,54868.0,27615.0,25619.0,1634.0,4024.0,894.0,115.07,57.92,53.73,3.43,18750.0,496.0,1.04,,212.865,,,,24654.385,,,12.84,,,,2.3,76.23,0.779,47681.0,105.0,14.46,80.43,2204.4468
13473.0,345.0,148.429,295.0,18.0,5.143,74903.265,1918.031,825.19,1640.055,100.071,28.592,1.53,,,,,,,,,,,,,,,,,104994.0,55681.0,49313.0,,1798.0,1912.0,58.37,30.96,27.42,,10630.0,1912.0,1.063,,293.187,34.9,9.721,6.405,12951.839,,204.62,11.62,,,87.202,1.3,76.2,0.759,179872.0,,,,
4118.0,209.0,31.429,39.0,7.0,1.0,129431.732,6569.022,987.823,1225.798,220.015,31.431,,,,,,,,,,,,,,,,,,,,,,,,,,,,,,,,590.533,,,,,,,,,,,,82.08,,31816.0,,,,
98.0,14.0,5.286,,0.0,0.0,16652.506,2378.929,898.167,,0.0,0.0,,,,,,,,,,,,,,,,,,,,,,,,,,,,,,,,,,,,,,,,,,,,81.07,,5885.0,,,,
5952.0,131.0,93.429,83.0,9.0,3.286,57253.34,1260.112,898.706,798.392,86.573,31.606,1.48,,,,,,,,,93855.0,368.0,899.58,3.527,321.0,3.077,0.3195,22.3,61198.0,33494.0,26244.0,,4258.0,889.0,58.87,32.22,25.24,,8551.0,454.0,0.437,,281.787,31.8,7.724,4.832,10727.146,,252.675,11.62,,,,2.6,72.53,0.738,103959.0,128.6,6.11,82.54,1232.5092
2.0,1.0,0.143,,0.0,0.0,8.993,4.497,0.642,,0.0,0.0,,,,,,,,,,,,,,,,,,263189.0,141424.0,121765.0,,,3269.0,118.35,63.59,54.75,,14699.0,2219.0,0.998,,69.413,22.0,5.606,3.564,6021.557,,348.977,9.21,16.7,38.1,,,73.32,0.715,222390.0,,,,
8251.0,159.0,98.429,99.0,2.0,0.857,244909.469,4719.501,2921.596,2938.557,59.365,25.442,1.54,,,,,,,,,,,,,,,,,53942.0,24306.0,21625.0,,990.0,725.0,160.11,72.15,64.19,,21520.0,673.0,1.998,75.93,556.667,,,,56861.47,,,5.64,,,,3.8,84.97,,33690.0,133.8,31.61,63.64,3961.862
3877.0,91.0,43.0,57.0,4.0,1.143,17049.777,400.188,189.1,250.667,17.591,5.026,2.0,,,,,,,,,,,,,,,,,137612.0,86396.0,51216.0,,,2448.0,60.52,37.99,22.52,,10766.0,1352.0,0.595,,212.841,18.7,2.886,2.162,3052.714,32.3,270.113,2.42,,,41.34,2.9,70.39,0.625,227393.0,,,,
555417.0,1567.0,1394.571,8875.0,19.0,17.0,15255.011,43.039,38.303,243.76,0.522,0.467,2.09,,,,,,,,,33310519.0,117620.0,926.569,3.272,108916.0,3.03,0.0179,2337.5,50894142.0,25017090.0,23180879.0,2696173.0,511131.0,402957.0,139.79,68.71,63.67,7.41,11068.0,171173.0,0.47,64.24,15.322,31.9,3.295,1.845,49045.411,,259.538,17.72,1.8,25.4,,2.7,75.13,0.854,36408824.0,,,,
,,,,,,,,,,,,,161.0,29.455,2053.0,375.595,,,1411.0,258.141,,,,,,,,,11392828.0,4383209.0,4017043.0,2992576.0,277158.0,71226.0,208.43,80.19,73.49,54.75,13031.0,55481.0,1.015,,,,,,,,,,,,,,,,5466000.0,,,,
74870.0,1722.0,979.0,1890.0,31.0,18.857,4323.634,99.443,56.536,109.145,1.79,1.089,2.13,,,,,,,,,934399.0,4471.0,55.366,0.265,3642.0,0.216,0.3218,725.7,1903098.0,1316401.0,918359.0,,17437.0,41586.0,10.99,7.6,5.3,,2402.0,32613.0,0.188,58.8,82.328,18.7,3.008,1.796,2470.58,38.0,241.219,2.42,0.4,16.6,20.859,,67.94,0.512,17316452.0,,,,
1297147.0,8467.0,7142.143,12688.0,69.0,65.143,188770.738,1232.183,1039.379,1846.455,10.041,9.48,1.56,299.0,43.513,8534.0,1241.933,,,,,7239853.0,27927.0,1053.599,4.064,23800.0,3.464,0.349,100.8,8239799.0,3309157.0,3207534.0,1723108.0,69995.0,64449.0,119.91,48.16,46.68,25.08,9379.0,45317.0,0.659,61.11,80.291,41.2,17.366,,14048.881,,439.415,10.08,37.7,40.2,97.719,5.609,76.0,0.806,6871547.0,50745.402,25.12,86.41,6954.501
24788.0,484.0,323.143,126.0,11.0,2.571,231371.634,4517.665,3016.221,1176.086,102.674,24.002,1.25,,,,,,,,,,,,,,,,,183472.0,82348.0,78263.0,,3758.0,2401.0,171.25,76.86,73.05,,22411.0,2170.0,2.025,84.26,208.354,36.2,8.606,5.586,26382.287,1.1,242.648,10.55,7.1,35.7,,3.6,73.4,0.796,107135.0,-90.100006,-6.1,49.38,-846.12067
6983.0,160.0,88.857,123.0,6.0,2.429,811.437,18.592,10.325,14.293,0.697,0.282,1.86,,,,,,,,,,,,,,,,,868726.0,703231.0,361089.0,,6053.0,20002.0,10.09,8.17,4.2,,2324.0,15610.0,0.181,60.19,104.7,19.1,2.538,1.285,1390.3,52.2,325.721,2.42,8.8,41.3,19.275,,54.7,0.452,8605723.0,,,,
279405.0,5324.0,3776.571,828.0,30.0,14.0,49566.065,944.47,669.959,146.886,5.322,2.484,2.22,,,,,,,,,,,,,,,,,11795254.0,4859718.0,4684521.0,2201705.0,83201.0,75745.0,209.25,86.21,83.1,39.06,13437.0,59894.0,1.063,58.33,7915.731,42.4,12.922,7.049,85535.383,,92.243,10.99,5.2,28.3,,2.4,83.62,0.938,5637022.0,1838.0,4.13,31.92,309.37225
5054.0,109.0,45.571,75.0,5.0,1.286,114364.591,2466.51,1031.214,1697.14,113.143,29.094,,,,,,,,,,,,,,,,,,52304.0,27141.0,25163.0,,,424.0,118.36,61.42,56.94,,9594.0,219.0,0.496,,1209.088,,,,36327.232,,,,,,,,78.95,,44192.0,,,,
841733.0,15278.0,8817.429,16635.0,204.0,102.429,149152.071,2707.207,1562.417,2947.662,36.148,18.15,1.59,633.0,112.165,3958.0,701.343,151.0,26.68,1438.0,254.843,46426750.0,798187.0,8522.388,146.52,347269.0,63.747,0.172,1000.0,5000849.0,2525330.0,2451335.0,121474.0,,35902.0,88.61,44.75,43.44,2.15,6362.0,23668.0,0.419,74.07,113.128,41.2,15.07,9.167,30155.152,0.7,287.959,7.29,23.1,37.7,,5.82,77.54,0.86,5643455.0,24438.896,22.78,93.02,4486.1597
464121.0,4518.0,3343.714,6120.0,42.0,37.571,218941.214,2131.29,1577.341,2887.006,19.813,17.724,1.48,289.0,136.331,1266.0,597.214,162.0,76.405,756.0,356.4,2081491.0,10579.0,982.109,4.991,8060.0,3.803,0.438,55.6,2761948.0,1250439.0,1188990.0,467389.0,36494.0,19121.0,130.29,58.99,56.09,22.05,9020.0,11155.0,0.526,85.19,102.619,44.5,19.062,12.93,31400.84,,153.493,7.25,20.1,25.0,,4.5,81.32,0.917,2119843.0,5032.2,15.49,55.62,2374.3423
24.0,2.0,0.571,,0.0,0.0,33.137,2.761,0.789,,0.0,0.0,,,,,,,,,,,,,,,,,,235918.0,179973.0,55945.0,,,2317.0,32.57,24.85,7.72,,3199.0,2005.0,0.277,38.89,21.841,20.8,3.507,2.043,2205.923,25.1,459.78,18.68,,,35.89,1.4,73.0,0.567,724272.0,,,,
23532.0,729.0,177.143,1333.0,86.0,12.286,1337.235,41.426,10.066,75.749,4.887,0.698,1.34,,,,,,,,,,,,,,,,,1504914.0,1203131.0,810010.0,,17966.0,34098.0,8.55,6.84,4.6,,1938.0,27245.0,0.155,65.74,23.5,16.8,2.731,1.496,,,365.769,6.05,,,9.831,0.9,57.4,,17597508.0,,,,
3446532.0,37875.0,23437.143,91061.0,844.0,577.571,57543.972,632.368,391.311,1520.372,14.092,9.643,1.69,2495.0,41.657,18034.0,301.099,,,18184.0,303.604,21231024.0,104831.0,357.471,1.765,75495.0,1.271,0.3512,103.8,27903338.0,18905708.0,15833594.0,,484564.0,241230.0,46.59,31.57,26.44,,4028.0,165708.0,0.277,72.22,46.754,27.3,5.344,3.053,12294.876,18.9,200.38,5.52,8.1,33.2,43.993,2.32,64.13,0.709,59893884.0,247375.84,25.25,170.71,4165.1196
39873056.0,182841.0,141178.714,1192550.0,10210.0,4921.857,91280.983,418.576,323.199,2730.093,23.374,11.268,,,,,,,,,,,,,,,,,,652102111.0,330675359.0,276215725.0,54919880.0,4590386.0,3607322.0,149.29,75.7,63.23,12.57,8258.0,2241943.0,0.513,,,,,,,,,,,,,,,,436816679.0,,,,
635250.0,7850.0,6897.143,5625.0,109.0,76.0,12259.772,151.498,133.109,108.558,2.104,1.467,1.46,1151.0,22.213,,,649.0,12.525,5724.0,110.468,45323897.0,293990.0,874.47,5.672,256877.0,4.956,0.0269,176.1,103955630.0,43958869.0,42319015.0,18487659.0,1382042.0,881020.0,200.63,84.84,81.67,35.68,17003.0,601038.0,1.16,67.59,527.967,43.4,13.914,8.622,35938.374,0.2,85.998,6.8,6.2,40.9,,12.27,83.03,0.916,51815808.0,7612.801,1.24,16.39,146.87982
15626.0,444.0,207.429,136.0,7.0,1.857,1431.848,40.685,19.007,12.462,0.641,0.17,1.59,,,,,,,,,164472.0,1514.0,15.302,0.141,964.0,0.09,0.3558,3069.9,268640.0,227262.0,181577.0,,4158.0,4779.0,2.46,2.08,1.66,,438.0,7165.0,0.066,62.96,,19.2,3.441,2.032,1569.888,,280.775,10.43,,,,,57.85,0.433,10913172.0,,,,
6505901.0,150534.0,97062.429,91688.0,604.0,550.429,136797.48,3165.23,2040.9,1927.894,12.7,11.574,1.87,4894.0,102.905,27029.0,568.33,2334.0,49.076,22669.0,476.654,73454765.0,505369.0,1546.842,10.642,380876.0,8.021,0.308,50.0,83529796.0,39664717.0,37869504.0,13743032.0,765399.0,670109.0,175.64,83.4,79.63,28.9,14090.0,275069.0,0.578,78.7,93.105,45.5,19.436,13.799,34272.36,1.0,99.403,7.17,27.4,31.4,,2.97,83.56,0.904,47558632.0,96592.42,16.4,24.55,2034.0842
587245.0,9962.0,5960.857,14979.0,243.0,207.429,26898.175,456.3,273.031,686.098,11.13,9.501,1.63,,,,,,,,,6691200.0,28727.0,307.31,1.319,25735.0,1.182,0.2985,55.0,33841264.0,15991500.0,13843044.0,4006720.0,1085196.0,475620.0,155.01,73.25,63.41,18.35,21785.0,420233.0,1.925,90.74,341.955,34.1,10.069,5.331,11669.077,0.7,197.093,10.68,0.3,27.0,,3.6,76.98,0.782,21832150.0,,,,
46911.0,1215.0,271.429,3337.0,122.0,22.571,1000.785,25.92,5.791,71.191,2.603,0.482,0.94,,,,,,,,,,,,,,,,,3276654.0,2782463.0,1234386.0,,20715.0,33000.0,6.99,5.94,2.63,,704.0,33229.0,0.071,64.81,23.258,19.7,3.548,2.034,4466.507,,431.388,15.67,,,23.437,0.8,65.31,0.51,46874200.0,,,,
52031.0,649.0,524.286,1189.0,13.0,8.714,84186.29,1050.084,848.296,1923.805,21.034,14.1,2.4,,,,,,,,,55939.0,1510.0,91.257,2.463,740.0,1.207,0.466,17.9,489798.0,261545.0,228253.0,,9775.0,6238.0,79.25,42.32,36.93,,10093.0,5461.0,0.884,89.81,3.612,29.6,6.933,4.229,13767.119,,258.314,12.54,7.4,42.9,67.779,3.1,71.68,0.738,618046.0,1584.8,20.01,110.94,2585.3645
1326172.0,11472.0,6820.429,15345.0,110.0,99.0,125711.264,1087.46,646.526,1454.592,10.427,9.384,1.57,416.0,39.434,2776.0,263.144,,,,,15158251.0,56966.0,1448.181,5.442,56966.0,5.442,0.2471,155.6,17617810.0,7593376.0,7256183.0,,,110659.0,167.0,71.98,68.78,,10490.0,58818.0,0.558,71.13,24.718,41.0,19.985,13.433,46949.283,0.5,133.982,4.79,18.8,18.9,,2.22,82.8,0.945,10549349.0,9791.5,9.33,30.95,935.4553
1334832.0,19746.0,13898.571,11921.0,82.0,85.857,152718.543,2259.146,1590.14,1363.885,9.382,9.823,1.61,443.0,50.684,2697.0,308.565,,,1141.0,130.542,14378598.0,77633.0,1654.347,8.932,61830.0,7.114,0.291,142.9,13846446.0,5966500.0,,2202912.0,113605.0,92595.0,158.42,68.26,,25.2,10594.0,51131.0,0.585,60.19,214.243,43.1,18.436,12.644,57410.166,,99.739,5.59,22.6,28.9,,4.53,83.78,0.955,8740471.0,11293.397,12.89,41.86,1299.3748
50243.0,728.0,405.143,2893.0,21.0,14.429,2270.845,32.904,18.311,130.756,0.949,0.652,1.68,,,,,,,,,,,,,,,,,1753522.0,1194896.0,781603.0,,,90157.0,7.93,5.4,3.53,,4075.0,26164.0,0.118,60.65,,21.7,,2.577,,,376.264,,,,70.598,1.5,72.7,0.567,22125242.0,,,,
,,,,,,,,,,,,2.14,,,,,,,,,4968777.0,37365.0,208.248,1.566,29915.0,1.254,0.0288,4738.9,34872136.0,18712858.0,16159278.0,158706.0,500423.0,397707.0,145.95,78.32,67.63,0.66,16645.0,232198.0,0.972,76.85,,42.2,,8.353,,,103.957,,,,,,80.46,,23893396.0,-3424.4006,-0.95,15.29,-143.52113
17493.0,84.0,81.143,125.0,3.0,1.857,1757.598,8.44,8.153,12.559,0.301,0.187,2.2,,,,,,,,,,,,,,,,,6605225.0,3709690.0,2895535.0,,113265.0,88171.0,66.37,37.27,29.09,,8859.0,80688.0,0.811,48.15,64.281,23.3,3.466,2.155,2896.913,4.8,427.698,7.11,,,72.704,4.8,71.1,0.668,9952789.0,16871.7,29.42,127.7,1730.4169
29306.0,20210.0,3057.429,737.0,541.0,81.143,447.435,308.56,46.68,11.252,8.26,1.239,0.38,,,,,,,,,,,,,,,,,2431769.0,2079930.0,1646261.0,,,33284.0,3.71,3.18,2.51,,508.0,22138.0,0.034,38.89,64.699,17.7,3.108,1.874,2683.304,49.1,217.288,5.75,3.3,26.7,47.953,0.7,65.46,0.529,65497752.0,,,,
2223435.0,23418.0,21784.429,21698.0,312.0,262.429,31011.538,326.624,303.84,302.635,4.352,3.66,1.91,,,,,,,,,17729894.0,82325.0,247.62,1.15,70803.0,0.989,0.3777,293.9,105160269.0,51410504.0,46319204.0,7430561.0,1063719.0,846179.0,146.67,71.71,64.6,10.36,11802.0,400006.0,0.558,75.93,135.132,40.1,11.373,6.89,16277.671,0.1,109.861,7.04,1.9,38.8,90.67,2.1,77.15,0.777,71697024.0,63120.0,6.3,35.65,881.55066
19837.0,532.0,322.857,122.0,5.0,2.857,14789.405,396.631,240.705,90.957,3.728,2.13,1.58,,,,,,,,,211166.0,2491.0,159.86,1.886,1357.0,1.027,0.3911,1713.3,1195990.0,662963.0,533027.0,,7881.0,11248.0,89.17,49.43,39.74,,8386.0,8905.0,0.664,87.04,87.176,18.0,3.556,1.897,6570.102,30.3,335.346,6.86,6.3,78.1,28.178,5.9,69.5,0.606,1341298.0,,,,
30163.0,747.0,394.0,248.0,5.0,2.286,3408.749,84.419,44.526,28.027,0.565,0.258,2.02,,,,,,,,,617034.0,2458.0,71.376,0.284,2118.0,0.245,0.2567,298.3,2413619.0,1391738.0,1020872.0,,,37978.0,27.28,15.73,11.54,,4292.0,26372.0,0.298,69.44,143.366,19.4,2.839,1.525,1429.813,49.2,280.033,6.15,0.9,14.2,10.475,0.7,61.04,0.515,8848700.0,,,,
,0.0,0.0,,0.0,0.0,,0.0,0.0,,0.0,0.0,,,,,,,,,,,,,,,,,,1936.0,968.0,968.0,,,23.0,102.27,51.14,51.14,,12150.0,23.0,1.215,,,,,,,,,,,,,,81.86,,1893.0,,,,
1.0,1.0,0.143,,0.0,0.0,9.357,9.357,1.337,,0.0,0.0,,,,,,,,,,,,,,,,,,130236.0,73609.0,56627.0,,,2026.0,121.87,68.88,52.99,,18958.0,1536.0,1.437,82.87,150.028,22.3,5.82,4.032,5425.621,,227.49,15.42,11.8,44.4,,2.6,70.91,0.725,106867.0,,,,
90829.0,1892.0,830.571,2825.0,57.0,30.714,59324.918,1235.759,542.487,1845.147,37.23,20.061,1.59,,,,,,,,,511257.0,11180.0,335.105,7.328,3070.0,2.012,0.689,166.7,1408384.0,712256.0,668717.0,76184.0,22019.0,17908.0,91.99,46.52,43.68,4.98,11697.0,13786.0,0.9,92.59,266.886,36.2,10.014,5.819,28763.071,,228.467,10.97,,,89.443,3.0,73.51,0.796,1531043.0,,,,
725842.0,9823.0,7900.714,25564.0,348.0,207.286,58743.54,794.991,639.417,2068.935,28.164,16.776,1.65,,,,,,,,,3353887.0,74333.0,273.498,6.062,23679.0,1.931,0.4881,53.0,12156566.0,6889208.0,5921997.0,856236.0,428453.0,167388.0,98.39,55.76,47.93,6.93,13547.0,162627.0,1.316,85.19,74.228,32.7,8.001,5.075,10849.297,2.0,318.991,8.52,1.1,65.8,78.687,2.3,76.7,0.74,12356116.0,29906.4,23.32,142.49,2438.761
9441764.0,63082.0,60266.286,82104.0,394.0,356.143,110635.41,739.174,706.18,962.067,4.617,4.173,1.52,,,,,,,,,118984862.0,372516.0,1403.53,4.394,364201.0,4.296,0.1927,45.6,131646005.0,56914268.0,51604894.0,23126843.0,1796891.0,1264431.0,154.26,66.69,60.47,27.1,14816.0,1155560.0,1.354,80.56,104.914,31.6,8.153,5.061,25129.341,0.2,171.285,12.13,14.1,41.1,,2.81,77.69,0.82,85341248.0,181496.4,20.35,46.37,2140.9087
,0.0,0.0,,0.0,0.0,,0.0,0.0,,0.0,0.0,,,,,,,,,,,,,,,,,,51746.0,32240.0,19506.0,,,19106.0,0.8,0.5,0.3,,2971.0,7918.0,0.123,75.0,12.253,26.9,4.277,2.541,16389.023,,536.783,7.11,,,100.0,7.4,68.19,0.715,6430777.0,,,,
3283.0,75.0,34.571,26.0,2.0,0.571,71797.227,1640.205,756.056,568.604,43.739,12.497,,,,,,,,,,,,,,,,,,56343.0,29210.0,27133.0,,,517.0,123.22,63.88,59.34,,11306.0,236.0,0.516,,37.312,,,,,,,,,,,,80.22,,45726.0,,,,
,0.0,0.0,,0.0,0.0,,0.0,0.0,,0.0,0.0,,,,,,,,,,,,,,,,,,12114.0,6230.0,5884.0,,,240.0,106.87,54.96,51.91,,21173.0,169.0,1.491,,373.067,,,,3575.104,3.3,,27.25,,,,,67.57,,11335.0,,,,
142671.0,20692.0,3117.714,3297.0,799.0,148.857,3019.518,437.93,65.984,69.778,16.91,3.15,2.26,,,,,,,,,2160185.0,11266.0,47.11,0.246,9015.0,0.197,0.9704,180.7,9763030.0,8354808.0,1408222.0,,134275.0,177260.0,20.66,17.68,2.98,,3752.0,166312.0,0.352,81.48,213.759,16.4,2.168,1.308,1697.707,41.6,213.333,2.5,3.4,16.7,21.222,0.5,63.37,0.544,47249588.0,,,,
3667649.0,27377.0,22322.571,95899.0,838.0,680.714,92380.048,689.567,562.257,2415.486,21.107,17.146,1.29,,,,,,,,,16786785.0,113106.0,385.625,2.598,64509.0,1.482,0.5037,22.4,28457565.0,14713309.0,13755421.0,9515.0,317209.0,255007.0,71.68,37.06,34.65,0.02,6423.0,188506.0,0.475,76.39,77.39,41.4,16.462,11.133,7894.393,0.1,539.849,7.11,13.5,47.4,,8.8,72.06,0.779,39701744.0,178896.4,15.53,83.82,4109.5923
759511.0,3977.0,3755.0,2162.0,20.0,16.143,80446.976,421.242,397.727,228.998,2.118,1.71,2.7,,,,,,,,,111667119.0,448050.0,11923.695,47.842,391374.0,41.79,0.0238,5042.1,22406584.0,9881456.0,9059559.0,3456677.0,220000.0,155312.0,237.33,104.66,95.96,36.61,16451.0,60087.0,0.636,62.04,112.442,34.0,1.144,0.526,67293.483,,317.84,17.26,1.2,37.4,,1.2,77.97,0.89,9441138.0,,,,
13441675.0,272797.0,166403.429,176813.0,1487.0,1389.0,199109.567,4040.902,2464.91,2619.105,22.027,20.575,1.41,4077.0,60.392,39258.0,581.523,,,29649.0,439.186,393314236.0,1892931.0,5845.841,28.135,1609482.0,23.922,0.1311,514.8,133312817.0,51786768.0,47434251.0,34091798.0,1062705.0,970350.0,197.47,76.71,70.26,50.5,14374.0,506394.0,0.75,87.96,272.898,40.8,18.517,12.527,39753.244,0.2,122.137,4.28,20.0,24.7,,2.54,81.32,0.932,67508936.0,136447.2,15.77,46.09,2028.0187
53534286.0,474309.0,310812.571,819055.0,5061.0,3407.857,158249.753,1402.079,918.776,2421.163,14.961,10.074,1.68,28891.0,85.403,133263.0,393.931,,,117659.0,347.805,726359152.0,2420469.0,2155.384,7.182,1888297.0,5.603,0.26,58.8,521797692.0,244104717.0,210360591.0,77816104.0,4581777.0,3508126.0,157.16,73.52,63.36,23.44,10566.0,2017866.0,0.608,71.76,35.608,38.3,15.413,9.732,54225.446,1.2,151.089,10.79,19.1,24.6,,2.77,78.86,0.926,338289856.0,956015.6,17.14,40.11,2836.8616
9055.0,330.0,169.714,89.0,4.0,1.429,91024.236,3317.283,1706.031,894.661,40.209,14.361,,,,,,,,,,99536.0,6945.0,994.455,69.387,2480.0,24.777,0.406,333.3,,,,,,,,,,,,,,,306.48,42.2,18.601,10.799,,,273.67,12.26,,,,,80.58,,99479.0,,,,
83640278.0,270250.0,228588.286,2200258.0,12557.0,6303.286,33112.781,106.991,90.497,871.071,4.971,2.495,,,,,,,,,,,,,,,,,,4204372021.0,1952724138.0,1805300168.0,214677998.0,30831226.0,27328255.0,166.45,77.31,71.47,8.5,10819.0,10034938.0,0.397,,,,,,,,,,,,,,,,2525921300.0,,,,
410311.0,7289.0,3925.143,6168.0,88.0,64.429,119875.973,2129.546,1146.765,1802.036,25.71,18.823,1.57,,,,,,,,,4410719.0,32319.0,1287.328,9.433,22318.0,6.514,0.2701,92.0,6979515.0,2760147.0,2680675.0,1538693.0,63793.0,49511.0,203.91,80.64,78.32,44.95,14465.0,34781.0,1.016,75.93,19.751,35.6,14.655,10.361,20551.409,0.1,160.708,6.93,14.0,19.9,,2.8,77.91,0.817,3422796.0,3592.4,6.41,70.02,1048.4886
198903.0,974.0,918.143,1485.0,9.0,7.286,5744.052,28.128,26.515,42.885,0.26,0.21,1.48,,,,,,,,,,,,,,,,,39036802.0,18056727.0,11102403.0,,720866.0,426314.0,112.73,52.15,32.06,,12311.0,353943.0,1.022,71.3,76.134,28.2,4.469,2.873,6253.104,,724.417,7.57,1.3,24.7,,4.0,71.72,0.72,34627648.0,38864.402,13.78,70.68,1140.3389
7.0,2.0,0.286,,0.0,0.0,21.423,6.121,0.874,,0.0,0.0,,,,,,,,,,,,,,,,,,152711.0,102308.0,50403.0,,,1977.0,46.74,31.31,15.43,,6051.0,1368.0,0.419,22.22,22.662,23.1,4.394,2.62,2921.909,13.2,546.3,12.02,2.8,34.5,25.209,,70.47,0.609,326744.0,,,,
26.0,0.0,0.0,,0.0,0.0,32178.218,0.0,0.0,,0.0,0.0,,,,,,,,,,,,,,,,,,,,,,,,,,,,,,,,,,,,,,,,,,,,75.12,,808.0,,,,
444186.0,1786.0,1498.286,5321.0,22.0,20.286,15694.676,63.106,52.94,188.01,0.777,0.717,1.15,,,,,,,,,,,,,,,,,30049714.0,18393519.0,11608305.0,,,466473.0,106.18,64.99,41.02,,16482.0,179745.0,0.635,97.22,36.253,29.0,6.614,3.915,16745.022,,204.85,6.47,,,,0.8,72.06,0.711,28301700.0,,,,
1731257.0,39132.0,18451.429,32394.0,804.0,409.286,17632.268,398.546,187.922,329.922,8.188,4.168,2.02,,,,,,,,,74637039.0,884347.0,765.759,9.073,601228.0,6.168,0.111,77.2,150935915.0,77555511.0,68435813.0,,2091069.0,1675471.0,153.72,78.99,69.7,,17064.0,1242489.0,1.265,79.17,308.127,32.6,7.15,4.718,6171.884,2.0,245.465,6.0,1.0,45.9,85.847,2.6,75.4,0.704,98186856.0,,,,
,,,,,,,,,,,,,150.0,47.319,2009.0,633.754,,,912.0,287.697,,,,,,,,,6483034.0,2490591.0,2303258.0,1689185.0,324429.0,61187.0,204.51,78.57,72.66,53.29,19302.0,27647.0,0.872,,,,,,,,,,,,,,,,3170000.0,,,,
453.0,47.0,23.714,7.0,7.0,1.0,39065.195,4053.122,2045.04,603.656,603.656,86.237,,,,,,,,,,,,,,,,,,11939.0,6016.0,5923.0,,,343.0,102.96,51.88,51.08,,29579.0,272.0,2.346,,,,,,,,,,,,,,79.94,,11596.0,,,,
287186646.0,1845183.0,1210371.714,5478280.0,20042.0,14674.429,36010.39,231.368,151.769,686.923,2.513,1.84,1.5,,,,,,,,,,,,,,,,,9178681347.0,4558427062.0,3879604649.0,536336838.0,49673468.0,43693003.0,115.09,57.16,48.65,6.73,5479.0,21071240.0,0.264,,58.045,30.9,8.696,5.355,15469.207,10.0,233.07,8.51,6.434,34.635,60.13,2.705,72.58,0.737,7975105024.0,,,,
10126.0,174.0,109.429,1984.0,27.0,16.143,300.505,5.164,3.247,58.878,0.801,0.479,1.81,,,,,,,,,,,,,,,,,547019.0,331778.0,215241.0,,,10240.0,1.62,0.98,0.64,,304.0,10240.0,0.03,37.96,53.508,20.3,2.922,1.583,1479.147,18.8,495.003,5.35,7.6,29.2,49.542,0.7,66.12,0.47,33696612.0,,,,
249193.0,5555.0,3419.0,3730.0,72.0,61.429,12448.652,277.505,170.799,186.335,3.597,3.069,2.43,,,,,,,,,2959116.0,16774.0,151.959,0.861,11576.0,0.594,0.3133,376.5,1730165.0,806611.0,1217415.0,,47379.0,28490.0,8.64,4.03,6.08,,1423.0,15561.0,0.078,60.19,22.995,17.7,2.48,1.542,3689.251,57.5,234.499,3.94,3.1,24.7,13.938,2.0,63.89,0.584,20017670.0,,,,
211728.0,6181.0,4579.714,4997.0,107.0,78.714,12973.101,378.725,280.61,306.179,6.556,4.823,2.63,,,,,,,,,1707232.0,20631.0,106.745,1.29,12755.0,0.798,0.4415,139.6,7264791.0,4124378.0,3135168.0,5245.0,175915.0,75000.0,44.51,25.27,19.21,0.03,4595.0,49588.0,0.304,87.96,42.729,19.6,2.822,1.882,1899.775,21.4,307.846,1.82,1.6,30.7,36.791,1.7,61.49,0.571,16320539.0,,,,
