total_vaccinations,people_vaccinated,people_fully_vaccinated,daily_vaccinations_raw,daily_vaccinations,total_vaccinations_per_hundred,people_vaccinated_per_hundred,people_fully_vaccinated_per_hundred,daily_vaccinations_per_million
4674518.0,4142857.0,3753224.0,4015.0,70761.0,11.73,10.4,9.42,1776.0
2316606.0,1141486.0,1031132.0,23655.0,17565.0,80.64,39.73,35.89,6114.0
12545356.0,7060737.0,5609040.0,147230.0,256927.0,28.12,15.83,12.57,5759.0
117246.0,57085.0,51392.0,2829.0,1762.0,151.57,73.8,66.44,22778.0
11615144.0,7685417.0,3929727.0,,183173.0,34.23,22.65,11.58,5398.0
20284.0,10079.0,9223.0,1421.0,331.0,134.11,66.64,60.98,21884.0
121146.0,62283.0,58863.0,2221.0,1278.0,122.71,63.09,59.62,12945.0
78090547.0,38756611.0,33382193.0,520780.0,390487.0,171.23,84.98,73.2,8562.0
1626738.0,934028.0,692082.0,,17910.0,54.81,31.47,23.32,6034.0
163759.0,84751.0,79008.0,5076.0,2679.0,152.77,79.06,73.7,24992.0
42580539.0,20444346.0,19755837.0,349856.0,295848.0,165.12,79.28,76.61,11472.0
16566646.0,6663971.0,6283334.0,,112586.0,183.2,73.69,69.48,12450.0
11346166.0,5169382.0,4676520.0,116709.0,85991.0,110.98,50.56,45.74,8411.0
300214.0,157041.0,147365.0,6771.0,3473.0,75.64,39.57,37.13,8750.0
3226201.0,1203146.0,1177993.0,81811.0,22003.0,184.53,68.82,67.38,12585.0
106575146.0,65835395.0,40739751.0,6758992.0,1504836.0,64.08,39.59,24.5,9049.0
299629.0,155952.0,143677.0,16939.0,4526.0,104.14,54.2,49.94,15731.0
7708200.0,4356041.0,3228165.0,,77113.0,81.63,46.13,34.19,8166.0
21708532.0,8931097.0,8821300.0,197635.0,154987.0,186.62,76.78,75.83,13324.0
424634.0,230125.0,199119.0,10917.0,4569.0,104.87,56.83,49.18,11284.0
1773592.0,1699784.0,1319264.0,,60281.0,14.24,13.65,10.6,4841.0
112695.0,46194.0,45213.0,,1224.0,181.5,74.4,72.82,19713.0
1154843.0,589762.0,565081.0,97322.0,91636.0,148.08,75.62,72.46,117497.0
9792844.0,5635100.0,4593214.0,108731.0,80071.0,82.76,47.62,38.82,6767.0
35845.0,19109.0,16736.0,,196.0,135.55,72.26,63.29,7412.0
1553874.0,882641.0,720631.0,66884.0,17247.0,47.61,27.05,22.08,5285.0
1128095.0,1169197.0,1033971.0,10435.0,15933.0,47.06,48.77,43.13,6646.0
331273910.0,166195505.0,143436012.0,3002675.0,1941268.0,154.81,77.66,67.03,9072.0
35799.0,18432.0,17005.0,,343.0,117.67,60.59,55.9,11274.0
898401.0,405888.0,400691.0,8701.0,7901.0,203.47,91.93,90.75,17895.0
3700660.0,1904143.0,1914910.0,38117.0,27038.0,53.66,27.61,27.77,3920.0
1053330.0,972376.0,649320.0,,39484.0,4.9,4.52,3.02,1837.0
7543.0,4010.0,3533.0,109.0,410.0,0.06,0.03,0.03,33.0
30456720.0,14262170.0,13659518.0,341978.0,289014.0,179.72,84.16,80.6,17055.0
1020007.0,834112.0,659641.0,9890.0,47269.0,3.75,3.06,2.42,1736.0
68756211.0,31726971.0,29414103.0,879472.0,545411.0,180.61,83.34,77.27,14327.0
571130.0,302802.0,255954.0,4461.0,6701.0,101.64,53.89,45.55,11926.0
130608.0,58591.0,56891.0,1579.0,1024.0,196.41,88.11,85.55,15399.0
436772.0,375096.0,334906.0,12887.0,18602.0,8.88,7.62,6.81,3781.0
285922.0,205259.0,80663.0,,4722.0,1.69,1.21,0.48,279.0
44313091.0,17304414.0,16543067.0,430472.0,298740.0,230.65,90.07,86.11,15549.0
2835332000.0,1259967000.0,1207413000.0,24741000.0,22424286.0,196.32,87.24,83.6,15527.0
64690489.0,38353097.0,28323837.0,1036209.0,414465.0,126.19,74.81,55.25,8085.0
581547.0,335408.0,246139.0,,5633.0,65.46,37.75,27.7,6340.0
758891.0,622886.0,583609.0,1486.0,7088.0,13.42,11.01,10.32,1253.0
25339.0,12841.0,12498.0,,812.0,144.2,73.08,71.12,46210.0
7756348.0,3944932.0,3505176.0,,87355.0,150.93,76.76,68.21,16998.0
7113233.0,4950775.0,2162458.0,156394.0,121105.0,26.29,18.3,7.99,4476.0
4729751.0,2259393.0,1953540.0,53059.0,35538.0,115.88,55.35,47.86,8707.0
30874045.0,10448955.0,9672464.0,437983.0,321878.0,272.8,92.33,85.46,28441.0
217092.0,104386.0,96611.0,4693.0,3452.0,131.73,63.34,58.62,20947.0
1541159.0,640890.0,607884.0,15365.0,12513.0,172.0,71.53,67.84,13965.0
15494314.0,6828497.0,6659013.0,122096.0,98382.0,144.48,63.67,62.09,9174.0
333589.0,257013.0,117844.0,42303.0,7326.0,0.36,0.28,0.13,79.0
12110043.0,4793685.0,4600866.0,166783.0,133676.0,208.32,82.46,79.14,22995.0
64721.0,38634.0,26087.0,,802.0,6.46,3.85,2.6,800.0
57044.0,29426.0,27618.0,1226.0,901.0,79.04,40.77,38.27,12484.0
14086551.0,6938596.0,5699587.0,244052.0,184208.0,128.6,63.34,52.03,16817.0
27566331.0,14224604.0,12690467.0,429786.0,354692.0,154.1,79.52,70.94,19828.0
52819190.0,33098284.0,20627388.0,975155.0,615408.0,50.66,31.75,19.78,5903.0
9620698.0,4483699.0,4156783.0,102028.0,72435.0,147.59,68.78,63.77,11112.0
111916669.0,43513898.0,39817420.0,922467.0,831591.0,197.91,76.95,70.41,14705.0
452666.0,249276.0,203390.0,639.0,5013.0,31.22,17.19,14.03,3458.0
1808959.0,842203.0,818608.0,17558.0,10161.0,136.51,63.55,61.77,7668.0
399616.0,334088.0,301243.0,17170.0,11049.0,34.09,28.5,25.7,9425.0
10916152.0,9344163.0,,617760.0,474622.0,9.26,7.93,,4026.0
96235.0,41437.0,40528.0,1442.0,1001.0,196.19,84.47,82.62,20406.0
4407.0,2632.0,1775.0,,189.0,124.91,74.6,50.31,53571.0
1267045.0,661452.0,605593.0,28295.0,14274.0,140.33,73.26,67.07,15809.0
9616819.0,4275263.0,4085397.0,71998.0,49317.0,173.33,77.05,73.63,8889.0
123982891.0,53082539.0,49549069.0,970040.0,733656.0,183.89,78.73,73.49,10882.0
329095.0,169995.0,159100.0,450.0,3216.0,116.48,60.17,56.31,11383.0
392898.0,219775.0,173123.0,1486.0,7131.0,17.24,9.64,7.6,3129.0
294698.0,263056.0,249515.0,429.0,3615.0,11.85,10.58,10.03,1454.0
2512858.0,1363896.0,1148962.0,58479.0,29680.0,63.14,34.27,28.87,7458.0
150283755.0,61844345.0,59278259.0,1650624.0,1132105.0,179.12,73.71,70.65,13493.0
7755231.0,5774413.0,2334010.0,60270.0,442283.0,24.44,18.2,7.36,13938.0
108323.0,41173.0,40065.0,1330.0,1068.0,321.52,122.21,118.92,31700.0
17469497.0,7469369.0,7041133.0,120023.0,109105.0,168.45,72.02,67.89,10520.0
78500.0,40447.0,38053.0,2780.0,1128.0,138.04,71.12,66.91,19835.0
78476.0,41287.0,35457.0,694.0,579.0,69.44,36.53,31.37,5123.0
11310579.0,6535250.0,4686883.0,132785.0,96711.0,61.98,35.81,25.68,5299.0
106109.0,32969.0,13618.0,1603.0,1747.0,167.4,52.01,21.48,27562.0
2952253.0,2026767.0,925486.0,128912.0,41116.0,21.87,15.02,6.86,3046.0
413938.0,390794.0,23144.0,1658.0,17553.0,20.54,19.39,1.15,8709.0
715724.0,410499.0,294160.0,6844.0,5226.0,90.56,51.94,37.22,6612.0
197175.0,123936.0,73580.0,14852.0,5695.0,1.71,1.07,0.64,493.0
9589064.0,4915362.0,4296605.0,81065.0,156407.0,95.29,48.85,42.7,15543.0
9925625.0,4876512.0,4662025.0,70783.0,65992.0,131.42,64.57,61.73,8737.0
15074636.0,6266064.0,5981569.0,187488.0,125911.0,156.47,65.04,62.09,13069.0
716926.0,288241.0,283920.0,21266.0,7546.0,194.4,78.16,76.99,20461.0
1448865422.0,845640601.0,603224821.0,18627269.0,10037995.0,103.98,60.69,43.29,7204.0
274749184.0,161082857.0,113666327.0,2952259.0,1897011.0,99.42,58.29,41.13,6864.0
116210697.0,59498870.0,51194091.0,1706088.0,1225502.0,136.67,69.97,60.21,14413.0
14140578.0,8482581.0,5639110.0,9985.0,435337.0,34.34,20.6,13.69,10572.0
9816659.0,3919700.0,3866312.0,135354.0,91584.0,197.01,78.66,77.59,18380.0
177816.0,68790.0,65454.0,2140.0,6039.0,208.19,80.54,76.64,70706.0
16762623.0,6573386.0,5933412.0,234351.0,185461.0,180.42,70.75,63.86,19961.0
111334625.0,48396692.0,44755235.0,651500.0,593084.0,184.43,80.17,74.14,9825.0
1208785.0,712466.0,566887.0,29318.0,13772.0,40.65,23.96,19.06,4632.0
199596362.0,100404891.0,98660175.0,6586453.0,1997542.0,158.35,79.65,78.27,15847.0
209935.0,81467.0,76997.0,,1233.0,207.71,80.6,76.18,12199.0
8265793.0,4331942.0,3933851.0,185322.0,87729.0,80.49,42.18,38.31,8543.0
17501273.0,8986163.0,8515110.0,425854.0,142997.0,92.14,47.31,44.83,7528.0
10002184.0,5930258.0,4155832.0,135870.0,123343.0,18.19,10.79,7.56,2243.0
82167.0,59492.0,22675.0,,1494.0,67.69,49.01,18.68,12308.0
1673578.0,883919.0,782696.0,22668.0,19287.0,93.91,49.6,43.92,10823.0
6942690.0,3334421.0,3216700.0,11920.0,40778.0,160.39,77.03,74.31,9421.0
2255224.0,1231313.0,990973.0,34472.0,22900.0,34.02,18.58,14.95,3455.0
5830021.0,3744740.0,3099003.0,662440.0,146235.0,79.0,50.75,42.0,19817.0
2556238.0,1314692.0,1262522.0,24845.0,17038.0,136.92,70.42,67.63,9126.0
4379487.0,2252750.0,1831322.0,285437.0,56153.0,64.7,33.28,27.05,8295.0
857925.0,782175.0,727528.0,,17261.0,39.74,36.23,33.7,7995.0
880313.0,784838.0,755263.0,8242.0,39207.0,16.99,15.15,14.58,7569.0
2679874.0,1854197.0,825677.0,48231.0,23862.0,38.51,26.65,11.87,3429.0
63011.0,26157.0,25602.0,973.0,726.0,164.72,68.38,66.93,18978.0
4131614.0,1917782.0,1832160.0,41196.0,27613.0,153.6,71.3,68.11,10266.0
1076398.0,464421.0,37870.0,8938.0,7216.0,169.56,73.16,5.97,11367.0
972604.0,493104.0,461609.0,7758.0,6788.0,147.72,74.9,70.11,10310.0
742069.0,589003.0,541160.0,13544.0,10256.0,2.61,2.07,1.9,361.0
1800908.0,1492675.0,705769.0,55787.0,21351.0,9.17,7.6,3.59,1087.0
57774660.0,26013397.0,25635562.0,582544.0,550125.0,176.27,79.37,78.21,16784.0
790154.0,396779.0,367450.0,11474.0,7843.0,145.35,72.99,67.59,14427.0
1057653.0,877525.0,392809.0,,31306.0,5.07,4.21,1.88,1501.0
1072274.0,444615.0,435874.0,9536.0,7557.0,207.76,86.15,84.46,14643.0
1937226.0,1166230.0,767082.0,10385.0,65422.0,40.57,24.42,16.06,13701.0
2036896.0,947513.0,909900.0,35153.0,20570.0,159.95,74.41,71.45,16153.0
148814260.0,81916007.0,72780356.0,7246123.0,1648223.0,114.24,62.89,55.87,12653.0
1776513.0,989897.0,982152.0,45233.0,16176.0,44.15,24.6,24.41,4020.0
65140.0,28875.0,25667.0,,313.0,164.83,73.06,64.95,7920.0
5340605.0,2265984.0,2163572.0,827202.0,125462.0,160.41,68.06,64.99,37684.0
634517.0,283884.0,272853.0,69811.0,11277.0,101.03,45.2,43.44,17956.0
3020.0,1547.0,1472.0,,53.0,60.63,31.06,29.55,10640.0
50265580.0,24630172.0,22994609.0,898916.0,401310.0,134.6,65.95,61.57,10746.0
14718782.0,8633965.0,6084817.0,295812.0,257780.0,45.76,26.84,18.92,8015.0
31859036.0,18829259.0,13029777.0,3800.0,366806.0,58.13,34.36,23.77,6693.0
630212.0,346454.0,283758.0,9823.0,6202.0,24.36,13.39,10.97,2397.0
14863.0,7612.0,7251.0,168.0,560.0,136.7,70.01,66.69,51504.0
21988516.0,12251183.0,9737333.0,312874.0,226872.0,74.1,41.28,32.81,7645.0
27983828.0,13318475.0,12226284.0,,236991.0,162.95,77.55,71.19,13800.0
355717.0,182486.0,173231.0,,5037.0,123.42,63.32,60.1,17476.0
8185775.0,3972589.0,3856048.0,131490.0,81495.0,159.68,77.49,75.22,15897.0
7785141.0,4879356.0,2905785.0,,311302.0,116.15,72.8,43.35,46446.0
971636.0,507223.0,464413.0,,25351.0,3.87,2.02,1.85,1009.0
14838199.0,10310476.0,4482899.0,797209.0,183486.0,7.02,4.88,2.12,868.0
2628.0,1340.0,1288.0,,87.0,162.83,83.02,79.8,53903.0
1755026.0,842871.0,816777.0,39207.0,15497.0,84.27,40.47,39.22,7441.0
617389.0,284357.0,275988.0,1193.0,6011.0,161.52,74.39,72.2,15726.0
3520286.0,1399070.0,1296530.0,32625.0,23766.0,185.67,73.79,68.38,12535.0
9779479.0,4289403.0,3926510.0,138641.0,69111.0,178.93,78.48,71.84,12645.0
6118018.0,3121894.0,2902254.0,6747.0,61172.0,117.13,59.77,55.56,11711.0
156623021.0,96980678.0,70576467.0,1703092.0,1394785.0,69.55,43.06,31.34,6194.0
3383211.0,1910794.0,1515699.0,58442.0,41850.0,64.78,36.59,29.02,8013.0
6193744.0,3120802.0,2804103.0,27784.0,71750.0,141.36,71.23,64.0,16375.0
504018.0,283915.0,220103.0,,5196.0,5.53,3.11,2.41,570.0
6833614.0,3469821.0,2948027.0,141096.0,90584.0,94.65,48.06,40.83,12547.0
50303979.0,24573907.0,21673024.0,603158.0,389518.0,150.79,73.66,64.97,11676.0
108534301.0,56110301.0,49626439.0,2648872.0,1629125.0,97.74,50.53,44.69,14671.0
94.0,47.0,47.0,,1.0,200.0,100.0,100.0,21277.0
46987401.0,21673668.0,21046400.0,638504.0,341329.0,124.32,57.34,55.68,9031.0
19328231.0,9326831.0,9103550.0,168320.0,150867.0,190.09,91.73,89.53,14838.0
5205664.0,2360308.0,2218292.0,43974.0,37344.0,177.64,80.54,75.7,12743.0
15824909.0,5474507.0,7817215.0,150935.0,131697.0,82.73,28.62,40.87,6885.0
146364014.0,73824201.0,66773441.0,2389472.0,1020075.0,100.31,50.6,45.76,6991.0
12588963.0,7629877.0,5435180.0,211071.0,139418.0,94.82,57.47,40.94,10501.0
7892.0,4361.0,3531.0,,165.0,129.48,71.55,57.93,27071.0
54868.0,27615.0,25619.0,4024.0,894.0,102.47,51.57,47.84,16696.0
104994.0,55681.0,49313.0,1798.0,1912.0,56.94,30.2,26.74,10369.0
61198.0,33494.0,26244.0,4258.0,889.0,55.0,30.1,23.59,7990.0
263189.0,141424.0,121765.0,,3269.0,131.5,70.66,60.84,16333.0
53942.0,24306.0,21625.0,990.0,725.0,158.61,71.47,63.58,21317.0
137612.0,86396.0,51216.0,,2448.0,61.61,38.68,22.93,10960.0
50894142.0,25017090.0,23180879.0,511131.0,402957.0,144.01,70.79,65.59,11402.0
11392828.0,4383209.0,4017043.0,277158.0,71226.0,208.43,80.19,73.49,13031.0
1903098.0,1316401.0,918359.0,17437.0,41586.0,11.07,7.66,5.34,2418.0
8239799.0,3309157.0,3207534.0,69995.0,64449.0,119.91,48.16,46.68,9379.0
183472.0,82348.0,78263.0,3758.0,2401.0,185.49,83.26,79.13,24275.0
868726.0,703231.0,361089.0,6053.0,20002.0,10.67,8.64,4.44,2457.0
11583542.0,4757927.0,4618252.0,82228.0,78336.0,212.4,87.24,84.68,14364.0
52304.0,27141.0,25163.0,,424.0,120.46,62.51,57.95,9765.0
6326386.0,2752319.0,2643670.0,,35901.0,116.1,50.51,48.51,6588.0
2762261.0,1250546.0,1189251.0,36494.0,19122.0,132.88,60.16,57.21,9199.0
235918.0,179973.0,55945.0,,2317.0,33.51,25.56,7.95,3291.0
1504914.0,1203131.0,810010.0,17966.0,34098.0,9.2,7.35,4.95,2084.0
27903338.0,18905708.0,15833594.0,484564.0,241230.0,46.47,31.49,26.37,4018.0
103880993.0,44286656.0,42629829.0,1381643.0,880695.0,202.48,86.32,83.09,17166.0
268640.0,227262.0,181577.0,4158.0,4779.0,2.36,2.0,1.6,420.0
83529796.0,39664717.0,37869504.0,765399.0,670109.0,178.69,84.85,81.01,14335.0
33841264.0,15991500.0,13843044.0,1085196.0,475620.0,157.42,74.39,64.39,22125.0
3276654.0,2782463.0,1234386.0,20715.0,33000.0,7.3,6.2,2.75,735.0
489798.0,261545.0,228253.0,9775.0,6238.0,82.76,44.19,38.57,10541.0
17600478.0,7675420.0,7335967.0,,110595.0,173.23,75.54,72.2,10885.0
13849886.0,5970459.0,5833757.0,113658.0,92658.0,158.91,68.5,66.94,10631.0
1753522.0,1194896.0,781603.0,,90157.0,9.59,6.54,4.28,4933.0
34872136.0,18712858.0,16159278.0,500423.0,397707.0,146.18,78.44,67.74,16672.0
6605225.0,3709690.0,2895535.0,113265.0,88171.0,67.75,38.05,29.7,9044.0
2431769.0,2079930.0,1646261.0,,33284.0,3.95,3.38,2.68,541.0
105160269.0,51410504.0,46319204.0,1063719.0,846179.0,150.33,73.5,66.22,12097.0
1195990.0,662963.0,533027.0,7881.0,11248.0,89.0,49.33,39.66,8370.0
2413619.0,1391738.0,1020872.0,,37978.0,28.47,16.42,12.04,4479.0
1936.0,968.0,968.0,,23.0,141.52,70.76,70.76,16813.0
130236.0,73609.0,56627.0,,2026.0,121.99,68.95,53.04,18977.0
1408384.0,712256.0,668717.0,22019.0,17908.0,100.36,50.75,47.65,12761.0
12156566.0,6889208.0,5921997.0,428453.0,167388.0,101.85,57.72,49.62,14024.0
131646005.0,56914268.0,51604894.0,1796891.0,1264431.0,154.8,66.92,60.68,14868.0
7580976.0,4374694.0,3206282.0,,41369.0,123.91,71.51,52.41,6762.0
56343.0,29210.0,27133.0,,517.0,143.64,74.47,69.17,13180.0
12114.0,6230.0,5884.0,,240.0,101.58,52.24,49.34,20126.0
9763030.0,8354808.0,1408222.0,134275.0,177260.0,20.72,17.73,2.99,3762.0
28457565.0,14713309.0,13755421.0,317209.0,255007.0,65.47,33.85,31.65,5867.0
22406584.0,9881456.0,9059559.0,220000.0,155312.0,224.27,98.9,90.68,15545.0
133312817.0,51786768.0,47434251.0,1062705.0,970350.0,195.45,75.93,69.54,14227.0
516802041.0,243855622.0,208533981.0,4555627.0,3506960.0,155.66,73.45,62.81,10563.0
6972283.0,2757825.0,2678145.0,63775.0,49499.0,200.06,79.13,76.84,14203.0
39036802.0,18056727.0,11102403.0,720866.0,426314.0,115.03,53.21,32.72,12562.0
152711.0,102308.0,50403.0,,1977.0,48.56,32.53,16.03,6287.0
30049714.0,18393519.0,11608305.0,,466473.0,104.68,64.08,40.44,16251.0
150935915.0,77555511.0,68435813.0,2091069.0,1675471.0,153.75,79.0,69.71,17067.0
6483034.0,2490591.0,2303258.0,324429.0,61187.0,204.51,78.57,72.66,19302.0
11939.0,6016.0,5923.0,,343.0,107.62,54.23,53.39,30918.0
547019.0,331778.0,215241.0,,10240.0,1.79,1.09,0.71,336.0
1730165.0,806611.0,1217415.0,47379.0,28490.0,9.14,4.26,6.43,1506.0
7264791.0,4124378.0,3135168.0,180005.0,75000.0,48.14,27.33,20.77,4969.0
